Date, Open, High, Low, Close, Volume
17-May-13,28.93,29.09,28.74,28.98,155112
16-May-13,28.08,28.96,28.07,28.88,220698
15-May-13,28.05,28.15,27.80,28.08,174149
14-May-13,27.89,28.15,27.82,28.04,160460
13-May-13,28.01,28.04,27.71,27.91,165519
10-May-13,27.74,28.04,27.69,28.01,158588
9-May-13,27.95,28.05,27.68,27.74,140021
8-May-13,27.71,28.11,27.69,27.97,236985
7-May-13,27.31,27.68,27.30,27.68,150925
6-May-13,26.89,27.42,26.89,27.26,174866
3-May-13,27.08,27.25,26.70,26.88,229026
2-May-13,26.20,26.89,26.06,26.87,193402
1-May-13,26.40,26.68,26.18,26.18,474835
30-Apr-13,27.20,27.55,26.37,27.09,337824
29-Apr-13,27.04,27.59,27.00,27.32,328280
26-Apr-13,26.29,26.84,26.29,26.76,210068
25-Apr-13,26.35,26.50,26.15,26.29,192674
24-Apr-13,26.06,26.30,25.94,26.23,145363
23-Apr-13,25.67,26.06,25.53,26.05,240310
22-Apr-13,25.41,25.63,24.92,25.53,273412
19-Apr-13,25.27,25.45,25.11,25.30,155826
18-Apr-13,25.28,25.41,25.01,25.19,263617
17-Apr-13,25.75,25.97,25.01,25.18,303494
16-Apr-13,25.60,26.13,25.51,25.93,241737
15-Apr-13,26.30,26.43,25.22,25.29,360721
12-Apr-13,26.81,26.87,26.06,26.33,331704
11-Apr-13,27.12,27.24,26.87,26.88,270379
10-Apr-13,26.88,27.27,26.76,27.05,358938
9-Apr-13,26.53,26.99,26.27,26.71,361302
8-Apr-13,25.86,26.51,25.82,26.51,637846
5-Apr-13,25.56,25.81,25.45,25.78,184423
4-Apr-13,25.50,25.83,25.50,25.83,387884
3-Apr-13,25.62,25.78,25.41,25.49,310006
2-Apr-13,25.50,25.72,25.39,25.58,298606
1-Apr-13,25.85,25.85,25.29,25.45,324525
28-Mar-13,25.50,25.81,25.38,25.81,567388
27-Mar-13,25.17,25.50,25.13,25.50,276642
26-Mar-13,24.88,25.31,24.83,25.21,512414
25-Mar-13,25.81,26.07,25.66,25.79,674936
22-Mar-13,25.49,25.78,25.49,25.78,446889
21-Mar-13,25.75,25.88,25.46,25.46,380663
20-Mar-13,25.83,25.90,25.75,25.75,252664
19-Mar-13,25.96,26.04,25.58,25.72,410477
18-Mar-13,25.95,26.02,25.59,25.81,371315
15-Mar-13,26.07,26.16,26.00,26.02,284624
14-Mar-13,26.07,26.18,26.00,26.07,309911
13-Mar-13,25.94,26.13,25.82,26.06,407464
12-Mar-13,25.98,26.10,25.91,26.00,798013
11-Mar-13,25.47,25.79,25.46,25.73,536179
8-Mar-13,25.45,25.65,25.37,25.37,2844734
7-Mar-13,26.28,26.65,26.24,26.42,187585
6-Mar-13,26.41,26.55,26.16,26.23,137825
5-Mar-13,26.21,26.70,26.15,26.31,197754
4-Mar-13,26.10,26.32,25.91,26.04,194634
1-Mar-13,25.73,26.12,25.61,25.90,183092
28-Feb-13,25.60,25.92,25.59,25.80,152624
27-Feb-13,25.34,25.93,25.34,25.60,175861
26-Feb-13,25.20,25.57,25.20,25.28,197482
25-Feb-13,25.93,26.00,24.93,25.16,362283
22-Feb-13,25.62,26.18,25.38,25.68,222013
21-Feb-13,25.64,25.79,25.16,25.28,288597
20-Feb-13,26.88,26.97,25.50,25.65,466357
19-Feb-13,26.00,26.92,25.91,26.87,322097
15-Feb-13,25.96,25.97,25.65,25.91,181633
14-Feb-13,25.61,25.99,25.55,25.90,217091
13-Feb-13,25.48,25.69,25.37,25.52,179241
12-Feb-13,25.12,25.69,25.09,25.37,291183
11-Feb-13,24.64,25.15,24.58,25.01,241822
8-Feb-13,24.50,24.67,24.30,24.52,207064
7-Feb-13,24.05,24.66,24.00,24.40,459551
6-Feb-13,23.94,23.94,23.50,23.61,91762
5-Feb-13,23.62,24.14,23.53,23.97,154901
4-Feb-13,23.64,23.72,23.29,23.55,139206
1-Feb-13,23.43,23.69,23.36,23.64,118285
31-Jan-13,23.37,23.45,23.25,23.37,75830
30-Jan-13,23.35,23.48,23.13,23.37,91766
29-Jan-13,23.15,23.40,23.01,23.35,86123
28-Jan-13,22.98,23.14,22.89,23.12,102440
25-Jan-13,23.03,23.15,22.92,22.98,115948
24-Jan-13,23.21,23.21,22.83,22.92,102898
23-Jan-13,23.15,23.15,22.99,23.12,127513
22-Jan-13,22.83,23.10,22.82,23.04,143008
18-Jan-13,22.83,22.94,22.65,22.79,126658
17-Jan-13,22.76,22.93,22.60,22.78,158763
16-Jan-13,22.49,22.70,22.26,22.62,80126
15-Jan-13,22.70,22.78,22.47,22.50,95939
14-Jan-13,22.37,22.90,22.25,22.69,134088
11-Jan-13,22.59,22.60,22.22,22.38,83360
10-Jan-13,22.33,22.63,22.16,22.52,105370
9-Jan-13,22.09,22.33,21.99,22.30,127569
8-Jan-13,21.95,22.11,21.64,22.07,105861
7-Jan-13,21.80,22.05,21.53,21.91,96337
4-Jan-13,21.79,21.91,21.76,21.79,89010
3-Jan-13,21.68,21.79,21.47,21.79,124937
2-Jan-13,21.24,21.72,21.24,21.65,169277
31-Dec-12,20.32,20.92,20.14,20.77,196811
28-Dec-12,20.43,20.62,20.22,20.22,161822
27-Dec-12,20.85,21.00,20.37,20.60,128440
26-Dec-12,21.06,21.46,20.80,20.87,187334
24-Dec-12,20.79,21.35,20.79,21.05,141318
21-Dec-12,21.02,21.38,20.67,21.23,246460
20-Dec-12,20.95,21.22,20.95,21.06,133732
19-Dec-12,20.96,21.04,20.62,21.00,115209
18-Dec-12,20.77,21.01,20.60,20.98,134729
17-Dec-12,20.82,21.07,20.42,20.73,180784
14-Dec-12,21.16,21.31,20.72,20.85,99173
13-Dec-12,20.91,21.29,20.78,21.22,224033
12-Dec-12,22.56,22.56,22.06,22.22,212271
11-Dec-12,22.17,22.57,22.14,22.47,196621
10-Dec-12,21.82,22.13,21.75,22.06,154135
7-Dec-12,22.26,22.26,21.60,21.76,195304
6-Dec-12,21.40,21.84,21.37,21.77,156312
5-Dec-12,21.35,21.44,21.07,21.19,94888
4-Dec-12,21.45,21.45,21.10,21.32,95351
3-Dec-12,21.75,21.79,21.38,21.42,142030
30-Nov-12,21.64,21.87,21.55,21.64,180170
29-Nov-12,21.15,21.55,21.13,21.37,121777
28-Nov-12,21.10,21.21,20.82,20.99,147450
27-Nov-12,20.90,21.24,20.82,21.15,123793
26-Nov-12,21.00,21.02,20.50,20.86,120181
23-Nov-12,21.09,21.09,20.88,21.09,54943
21-Nov-12,20.81,21.01,20.58,20.99,77781
20-Nov-12,21.01,21.21,20.43,20.65,128259
19-Nov-12,20.48,20.96,20.43,20.63,149659
16-Nov-12,19.50,20.40,19.44,20.32,239896
15-Nov-12,18.37,19.49,18.37,19.44,226663
14-Nov-12,19.59,19.72,17.84,18.44,599742
13-Nov-12,20.43,20.47,19.80,19.84,231803
12-Nov-12,20.55,20.68,20.27,20.53,80377
9-Nov-12,20.50,20.75,20.09,20.50,253458
8-Nov-12,21.04,21.39,20.68,20.68,153919
7-Nov-12,21.76,21.89,20.74,21.05,293244
6-Nov-12,22.10,22.26,21.81,21.89,168035
5-Nov-12,22.21,22.35,21.88,21.98,110638
2-Nov-12,22.32,22.47,22.14,22.15,84795
1-Nov-12,22.30,22.55,22.12,22.30,118508
31-Oct-12,21.91,22.30,21.91,22.25,143212
26-Oct-12,21.58,21.75,21.50,21.72,71203
25-Oct-12,21.79,21.98,21.50,21.60,73476
24-Oct-12,21.68,21.90,21.42,21.63,129148
23-Oct-12,21.78,21.85,21.38,21.63,127562
22-Oct-12,22.03,22.03,21.71,21.98,82692
19-Oct-12,22.15,22.17,21.87,22.02,118630
18-Oct-12,22.40,22.41,22.19,22.20,76765
17-Oct-12,22.06,22.40,22.06,22.40,137384
16-Oct-12,22.14,22.20,22.03,22.12,102028
15-Oct-12,22.25,22.25,21.34,22.07,346144
12-Oct-12,22.75,22.75,22.14,22.28,204863
11-Oct-12,22.84,22.97,22.55,22.69,170151
10-Oct-12,23.24,23.26,22.50,22.65,304332
9-Oct-12,23.89,23.95,23.18,23.29,213777
8-Oct-12,24.04,24.04,23.88,23.91,66668
5-Oct-12,24.11,24.19,23.90,24.08,139703
4-Oct-12,24.02,24.12,23.97,24.08,144395
3-Oct-12,24.15,24.15,23.90,23.97,168711
2-Oct-12,24.16,24.21,23.92,24.14,181795
1-Oct-12,23.90,24.06,23.79,24.03,175069
28-Sep-12,24.07,24.09,23.48,23.86,461512
27-Sep-12,23.92,24.21,23.87,24.06,278117
26-Sep-12,23.99,24.08,23.64,23.80,421073
25-Sep-12,25.08,25.20,24.91,25.03,605153
24-Sep-12,24.87,25.15,24.82,25.10,495491
21-Sep-12,24.65,24.85,24.63,24.82,3182115
20-Sep-12,25.15,25.44,25.05,25.36,365502
19-Sep-12,24.80,25.49,24.79,24.91,420006
18-Sep-12,25.07,25.10,24.52,24.67,508751
17-Sep-12,24.56,25.24,24.52,24.98,142553
14-Sep-12,24.46,24.74,24.22,24.50,162403
13-Sep-12,23.58,24.21,23.40,23.98,180181
12-Sep-12,23.68,23.94,23.44,23.48,100712
11-Sep-12,23.47,23.91,23.47,23.59,108500
10-Sep-12,23.02,23.50,22.95,23.41,92199
7-Sep-12,22.86,23.00,22.82,23.00,64281
6-Sep-12,22.83,23.00,22.75,22.80,82346
5-Sep-12,22.83,22.86,22.75,22.75,44073
4-Sep-12,22.88,22.95,22.67,22.78,120786
31-Aug-12,22.96,22.99,22.74,22.90,76279
30-Aug-12,22.90,23.01,22.81,22.82,42318
29-Aug-12,23.02,23.02,22.95,23.00,59034
28-Aug-12,22.85,23.00,22.82,23.00,42780
27-Aug-12,22.99,23.00,22.80,22.80,38507
24-Aug-12,22.81,22.99,22.81,22.92,27371
23-Aug-12,22.90,22.92,22.82,22.84,23602
22-Aug-12,22.92,22.98,22.81,22.87,22519
21-Aug-12,22.85,23.02,22.81,22.91,34757
20-Aug-12,22.98,23.00,22.58,22.81,86371
17-Aug-12,22.91,23.04,22.91,23.02,37435
16-Aug-12,22.95,23.01,22.84,22.99,32037
15-Aug-12,22.92,23.00,22.90,23.00,38308
14-Aug-12,23.07,23.07,22.88,22.97,53125
13-Aug-12,22.93,23.00,22.70,23.00,50407
10-Aug-12,23.01,23.01,22.90,22.99,60337
9-Aug-12,22.89,23.00,22.89,23.00,50929
8-Aug-12,22.84,22.91,22.72,22.88,55639
7-Aug-12,22.50,22.89,22.48,22.85,64582
6-Aug-12,22.40,22.62,22.40,22.46,68907
3-Aug-12,22.15,22.81,22.15,22.32,74714
2-Aug-12,22.17,22.32,22.00,22.02,66546
1-Aug-12,22.61,22.94,22.19,22.23,91661
31-Jul-12,22.88,22.89,22.26,22.36,94321
30-Jul-12,22.50,22.80,22.50,22.70,60107
27-Jul-12,22.19,22.58,22.04,22.48,44353
26-Jul-12,22.29,22.29,22.05,22.10,51254
25-Jul-12,22.20,22.30,22.02,22.03,50424
24-Jul-12,22.32,22.32,22.02,22.05,67842
23-Jul-12,22.04,22.38,22.00,22.27,40854
20-Jul-12,22.27,22.41,22.02,22.06,55029
19-Jul-12,22.80,22.88,22.24,22.33,78814
18-Jul-12,22.85,22.92,22.75,22.84,42742
17-Jul-12,22.50,22.94,22.20,22.85,86590
16-Jul-12,22.29,22.45,22.20,22.44,36495
13-Jul-12,22.04,22.45,22.00,22.29,47397
12-Jul-12,22.02,22.19,21.91,22.07,31679
11-Jul-12,22.23,22.30,21.88,22.20,40567
10-Jul-12,22.46,22.46,22.15,22.25,37035
9-Jul-12,22.48,22.48,22.23,22.39,36004
6-Jul-12,22.20,22.46,22.11,22.35,44571
5-Jul-12,22.60,22.77,22.31,22.38,58657
3-Jul-12,22.43,22.78,22.39,22.77,41936
2-Jul-12,21.72,22.50,21.59,22.50,118206
29-Jun-12,21.50,21.90,21.22,21.71,254068
28-Jun-12,21.48,21.50,20.88,21.44,195422
27-Jun-12,21.69,21.83,21.52,21.55,137855
26-Jun-12,23.10,23.10,22.23,22.50,194880
25-Jun-12,23.03,23.03,22.69,22.91,189442
22-Jun-12,23.00,23.00,22.74,22.91,204877
21-Jun-12,23.03,23.08,22.95,22.97,113448
20-Jun-12,23.00,23.10,22.93,23.00,149393
19-Jun-12,22.79,23.00,22.73,22.95,141696
18-Jun-12,22.59,22.79,22.59,22.62,73402
15-Jun-12,22.63,22.76,22.45,22.51,98714
14-Jun-12,22.63,22.75,22.51,22.55,57383
13-Jun-12,22.29,22.73,22.10,22.53,119217
12-Jun-12,22.04,22.39,21.80,22.32,39063
11-Jun-12,22.52,22.52,21.89,21.91,67333
8-Jun-12,22.00,22.37,21.87,22.26,29550
7-Jun-12,22.47,22.47,21.97,22.08,78434
6-Jun-12,21.48,22.18,21.34,22.17,61733
5-Jun-12,20.96,21.52,20.85,21.28,65021
4-Jun-12,21.79,21.90,20.90,21.07,106531
1-Jun-12,22.38,22.51,21.75,21.85,136612
31-May-12,22.36,22.79,22.27,22.58,77033
30-May-12,22.21,22.47,22.15,22.27,52265
29-May-12,22.34,22.49,22.29,22.43,28598
25-May-12,22.44,22.46,22.10,22.23,60708
24-May-12,22.38,22.57,22.25,22.54,25968
23-May-12,22.40,22.53,22.05,22.41,47081
22-May-12,22.76,22.84,22.50,22.59,60283
21-May-12,22.52,22.86,22.43,22.81,53753
18-May-12,22.83,22.90,22.38,22.50,39849
17-May-12,23.24,23.55,22.79,22.86,67179
16-May-12,23.36,23.43,23.18,23.19,32238
15-May-12,23.33,23.49,23.12,23.26,45893
14-May-12,23.36,23.45,23.17,23.33,74042
11-May-12,23.14,23.37,23.12,23.28,36330
10-May-12,23.28,23.37,23.12,23.30,43126
9-May-12,23.05,23.27,23.00,23.18,53561
8-May-12,23.00,23.26,22.92,23.12,60854
7-May-12,23.07,23.16,23.00,23.13,40216
4-May-12,23.18,23.27,23.05,23.10,58798
3-May-12,23.43,23.51,23.25,23.28,51880
2-May-12,23.33,23.46,23.29,23.45,43130
1-May-12,23.57,23.75,23.34,23.45,89017
30-Apr-12,23.68,23.83,23.50,23.51,42385
27-Apr-12,23.57,23.71,23.43,23.64,34072
26-Apr-12,23.44,23.64,23.02,23.51,70163
25-Apr-12,23.71,23.93,23.37,23.49,62663
24-Apr-12,22.96,23.70,22.91,23.47,218793
23-Apr-12,22.97,23.04,22.82,22.90,68021
20-Apr-12,23.09,23.28,22.95,23.10,74731
19-Apr-12,22.47,22.94,22.46,22.88,93481
18-Apr-12,22.57,22.64,22.28,22.49,84063
17-Apr-12,22.70,22.84,22.60,22.67,76286
16-Apr-12,22.60,22.74,22.40,22.54,46757
13-Apr-12,22.63,22.63,22.34,22.44,71319
12-Apr-12,22.49,22.72,22.48,22.65,63473
11-Apr-12,22.36,22.53,22.11,22.50,56641
10-Apr-12,22.35,22.53,22.03,22.15,102094
9-Apr-12,22.56,22.66,22.34,22.38,89014
5-Apr-12,22.69,22.93,22.67,22.84,109509
4-Apr-12,22.99,22.99,22.50,22.70,92030
3-Apr-12,22.76,23.13,22.62,23.08,250703
2-Apr-12,22.11,22.51,22.04,22.50,137946
30-Mar-12,22.60,22.60,22.13,22.20,178967
29-Mar-12,22.48,22.55,22.10,22.37,197662
28-Mar-12,22.55,22.72,22.46,22.56,118842
27-Mar-12,22.78,22.85,22.40,22.53,151521
26-Mar-12,22.96,23.00,22.68,22.82,144540
23-Mar-12,22.76,22.98,22.76,22.86,230236
22-Mar-12,23.01,23.09,22.69,22.76,1060662
21-Mar-12,24.40,25.19,24.36,24.59,350867
20-Mar-12,23.85,24.55,23.85,24.27,87034
19-Mar-12,24.07,24.84,23.71,23.95,223696
16-Mar-12,24.25,24.31,23.99,24.01,47654
15-Mar-12,24.58,24.58,23.92,24.22,87154
14-Mar-12,24.95,25.00,24.50,24.58,56919
13-Mar-12,24.23,25.00,24.10,25.00,110514
12-Mar-12,23.81,24.41,23.81,24.15,94786
9-Mar-12,23.58,24.00,22.87,23.87,65140
8-Mar-12,23.04,23.73,22.80,23.67,54786
7-Mar-12,23.01,23.15,22.80,22.96,49970
6-Mar-12,22.90,23.03,22.80,22.84,46269
5-Mar-12,22.97,23.18,22.79,23.03,62757
2-Mar-12,23.01,23.18,22.80,22.95,44519
1-Mar-12,23.25,23.30,22.94,22.94,37280
29-Feb-12,23.13,23.41,22.80,23.10,51300
28-Feb-12,22.91,23.23,22.91,23.04,53047
27-Feb-12,23.12,23.14,22.75,22.98,126433
24-Feb-12,23.80,23.80,23.32,23.44,42627
23-Feb-12,23.00,23.91,22.91,23.84,43699
22-Feb-12,23.60,23.86,23.47,23.47,22518
21-Feb-12,24.00,24.00,23.48,23.64,34471
17-Feb-12,23.53,24.15,23.43,24.02,33404
16-Feb-12,22.44,23.69,22.44,23.46,47072
15-Feb-12,23.02,23.02,22.50,22.57,45077
14-Feb-12,23.45,23.45,22.75,22.99,46478
13-Feb-12,23.79,23.92,23.32,23.50,47176
10-Feb-12,23.90,23.98,23.70,23.72,48558
9-Feb-12,24.14,24.37,23.33,24.06,90574
8-Feb-12,23.65,24.13,23.55,24.08,70380
7-Feb-12,23.46,23.65,23.32,23.50,31061
6-Feb-12,23.62,23.84,23.37,23.58,29505
3-Feb-12,23.54,23.95,23.54,23.70,63389
2-Feb-12,23.17,23.38,23.00,23.29,45971
1-Feb-12,22.58,23.19,22.58,23.13,39174
31-Jan-12,22.66,22.83,22.31,22.40,43286
30-Jan-12,22.46,22.96,22.22,22.45,57418
27-Jan-12,23.10,23.10,22.66,22.73,40299
26-Jan-12,23.41,23.77,23.08,23.14,75386
25-Jan-12,23.31,23.34,23.14,23.25,28035
24-Jan-12,22.72,23.29,22.49,23.28,70187
23-Jan-12,22.53,22.82,22.53,22.79,49863
20-Jan-12,22.19,22.51,22.10,22.46,45059
19-Jan-12,21.80,22.25,21.63,22.13,62570
18-Jan-12,21.53,21.91,21.36,21.77,33412
17-Jan-12,21.95,22.41,21.33,21.58,89525
13-Jan-12,21.23,21.92,21.23,21.88,50949
12-Jan-12,21.11,21.60,21.00,21.35,50779
11-Jan-12,20.57,21.65,20.44,21.06,59639
10-Jan-12,20.79,20.86,20.58,20.66,47560
9-Jan-12,20.71,20.75,20.39,20.59,49322
6-Jan-12,21.07,21.46,20.68,20.68,77700
5-Jan-12,20.70,21.14,20.24,21.02,93026
4-Jan-12,21.44,21.44,20.67,20.80,78290
3-Jan-12,21.77,21.77,21.13,21.42,61617
30-Dec-11,22.07,22.19,21.27,21.33,67758
29-Dec-11,21.95,22.32,21.86,22.14,47382
28-Dec-11,22.35,22.91,21.54,21.98,92899
27-Dec-11,23.34,24.00,23.34,23.93,130140
23-Dec-11,23.48,23.50,23.19,23.33,50534
22-Dec-11,22.94,23.48,22.84,23.26,77501
21-Dec-11,21.87,22.56,21.69,22.47,56416
20-Dec-11,21.55,21.96,21.19,21.88,81616
19-Dec-11,22.11,22.67,21.08,21.25,77297
16-Dec-11,22.48,22.67,21.70,21.86,99623
15-Dec-11,21.89,22.33,21.61,22.33,63093
14-Dec-11,21.35,21.71,21.11,21.60,60915
13-Dec-11,22.10,22.21,21.40,21.44,57055
12-Dec-11,21.58,22.07,21.42,21.82,69375
9-Dec-11,21.16,21.89,21.16,21.73,42300
8-Dec-11,21.14,21.43,20.93,21.04,72611
7-Dec-11,20.40,21.45,20.40,21.29,76622
6-Dec-11,20.23,20.62,20.00,20.50,69377
5-Dec-11,20.25,20.42,20.04,20.23,52425
2-Dec-11,19.79,20.06,19.78,19.92,66469
1-Dec-11,19.89,20.05,19.57,19.60,45241
30-Nov-11,20.00,20.25,19.89,19.94,146598
29-Nov-11,19.65,19.80,19.30,19.56,58886
28-Nov-11,19.79,20.16,19.45,19.74,62875
25-Nov-11,19.05,19.40,19.00,19.00,17970
23-Nov-11,19.76,19.84,19.10,19.18,50591
22-Nov-11,20.46,20.49,19.79,19.92,64084
21-Nov-11,21.15,21.20,20.37,20.43,75789
18-Nov-11,21.51,21.65,21.25,21.33,42986
17-Nov-11,22.34,22.52,21.42,21.50,46784
16-Nov-11,22.23,22.93,22.11,22.27,44498
15-Nov-11,21.54,22.46,21.34,22.41,36079
14-Nov-11,22.00,22.19,21.42,21.67,27790
11-Nov-11,22.10,22.30,21.94,22.25,22309
10-Nov-11,21.87,21.91,21.42,21.88,34204
9-Nov-11,21.57,22.01,21.27,21.46,89853
8-Nov-11,21.99,22.49,21.58,22.12,57261
7-Nov-11,21.81,21.94,21.26,21.85,79321
4-Nov-11,22.26,22.38,21.78,21.94,44151
3-Nov-11,23.03,23.03,22.22,22.34,60241
2-Nov-11,22.54,22.80,22.14,22.74,77227
1-Nov-11,22.13,23.11,21.69,21.99,124392
31-Oct-11,24.02,24.06,23.08,23.08,64755
28-Oct-11,24.28,24.54,24.02,24.06,57064
27-Oct-11,24.99,24.99,24.01,24.64,118205
26-Oct-11,25.07,25.21,24.34,24.69,63926
25-Oct-11,24.50,24.70,24.28,24.41,22879
24-Oct-11,24.45,24.77,24.34,24.68,40052
21-Oct-11,24.55,24.60,24.00,24.45,56529
20-Oct-11,24.31,24.63,23.57,24.18,56790
19-Oct-11,24.79,24.96,24.23,24.28,22252
18-Oct-11,24.35,25.04,24.05,24.80,45574
17-Oct-11,24.71,24.83,24.24,24.25,37880
14-Oct-11,25.00,25.07,24.34,25.04,42455
13-Oct-11,24.66,24.99,24.24,24.82,25763
12-Oct-11,24.67,25.00,24.44,24.83,25819
11-Oct-11,24.44,24.68,24.09,24.53,44068
10-Oct-11,24.41,24.98,24.21,24.73,30543
7-Oct-11,25.18,25.18,23.70,23.87,37863
6-Oct-11,24.59,25.23,24.35,25.18,43342
5-Oct-11,24.66,24.97,24.13,24.78,40247
4-Oct-11,21.76,26.12,21.05,24.66,108847
3-Oct-11,24.00,24.22,21.09,21.80,184192
30-Sep-11,24.51,25.00,24.00,24.05,22952
29-Sep-11,24.85,25.07,24.24,24.85,35604
28-Sep-11,25.23,25.34,24.16,24.16,44097
27-Sep-11,26.16,26.57,25.78,26.11,152305
26-Sep-11,26.44,26.44,25.10,25.98,60831
23-Sep-11,24.99,26.12,24.86,26.01,47385
22-Sep-11,24.37,25.06,24.03,24.88,62603
21-Sep-11,25.56,26.21,25.06,25.10,61135
20-Sep-11,26.14,26.57,25.42,25.59,71760
19-Sep-11,25.19,26.64,25.05,26.00,82037
16-Sep-11,24.46,25.76,24.21,25.69,58989
15-Sep-11,24.46,24.46,24.15,24.35,31087
14-Sep-11,24.84,24.86,23.87,24.25,72945
13-Sep-11,24.37,24.67,24.25,24.61,19528
12-Sep-11,23.89,24.27,23.75,24.21,92496
9-Sep-11,24.69,24.91,24.23,24.33,43431
8-Sep-11,25.42,25.46,24.93,24.94,64688
7-Sep-11,26.00,26.08,25.31,25.55,58880
6-Sep-11,23.95,25.64,23.72,25.34,51857
2-Sep-11,24.80,24.92,24.30,24.55,56840
1-Sep-11,25.84,26.19,24.77,24.81,31760
31-Aug-11,26.32,26.33,25.70,25.80,24694
30-Aug-11,26.53,26.68,25.61,26.09,44461
29-Aug-11,25.76,27.08,25.76,26.63,89787
26-Aug-11,24.80,25.58,24.36,25.37,25578
25-Aug-11,25.87,26.18,24.79,25.02,55193
24-Aug-11,25.03,25.70,24.84,25.68,52661
23-Aug-11,23.94,25.03,23.83,25.03,49766
22-Aug-11,24.79,24.79,23.72,23.86,54452
19-Aug-11,24.45,24.91,23.76,24.07,77251
18-Aug-11,25.35,26.10,24.61,24.94,70515
17-Aug-11,26.24,26.61,26.10,26.28,23371
16-Aug-11,26.00,26.12,25.63,25.99,57091
15-Aug-11,24.57,26.49,24.57,26.31,50663
12-Aug-11,25.24,25.26,24.06,24.25,42996
11-Aug-11,23.33,25.23,23.05,24.80,81842
10-Aug-11,24.50,24.59,23.10,23.15,85447
9-Aug-11,23.43,25.14,22.50,25.11,113812
8-Aug-11,23.00,25.00,22.56,22.80,256672
5-Aug-11,25.45,27.14,24.06,25.73,175919
4-Aug-11,27.20,27.35,25.13,25.27,129164
3-Aug-11,27.09,27.75,26.37,27.51,61007
2-Aug-11,28.29,28.29,27.07,27.09,85898
1-Aug-11,28.58,28.68,28.10,28.35,105367
29-Jul-11,28.00,28.48,27.00,28.08,103798
28-Jul-11,29.55,29.69,28.05,28.24,215853
27-Jul-11,30.78,30.89,29.58,29.77,88983
26-Jul-11,31.07,31.26,30.88,30.93,23248
25-Jul-11,31.30,31.53,31.12,31.15,27978
22-Jul-11,31.67,31.67,31.40,31.55,35075
21-Jul-11,31.50,31.88,31.47,31.69,51179
20-Jul-11,31.50,31.51,31.26,31.47,24662
19-Jul-11,30.29,31.55,29.60,31.43,82671
18-Jul-11,30.82,30.82,29.74,30.08,72967
15-Jul-11,30.82,30.94,30.61,30.86,39757
14-Jul-11,31.38,31.55,30.57,30.65,51977
13-Jul-11,30.93,31.34,30.93,31.33,37635
12-Jul-11,30.15,31.01,30.09,30.71,35799
11-Jul-11,30.54,30.55,30.19,30.25,30468
8-Jul-11,30.15,31.16,29.55,30.94,53892
7-Jul-11,31.25,31.33,30.34,30.45,85367
6-Jul-11,31.11,31.14,30.80,31.03,47378
5-Jul-11,31.54,31.54,30.90,31.11,45965
1-Jul-11,31.41,31.59,31.37,31.48,51194
30-Jun-11,31.17,31.86,31.11,31.39,121576
29-Jun-11,32.37,32.45,32.00,32.05,140292
28-Jun-11,32.63,32.63,32.18,32.26,96048
27-Jun-11,31.77,32.63,31.66,32.51,118644
24-Jun-11,30.79,32.03,30.79,31.88,350332
23-Jun-11,29.97,30.72,29.90,30.64,34636
22-Jun-11,30.26,30.65,30.26,30.38,26538
21-Jun-11,30.47,30.82,30.07,30.46,68453
20-Jun-11,28.81,30.39,28.69,30.12,113646
17-Jun-11,29.01,29.20,28.87,28.91,70685
16-Jun-11,28.98,29.20,28.61,28.78,88625
15-Jun-11,28.51,29.08,28.31,28.99,50182
14-Jun-11,29.20,29.20,29.00,29.08,36357
13-Jun-11,28.82,29.19,28.11,29.03,34652
10-Jun-11,28.32,29.03,27.58,28.61,78054
9-Jun-11,28.08,29.20,27.95,28.41,104269
8-Jun-11,27.93,28.34,27.86,28.02,49955
7-Jun-11,27.80,28.19,27.44,28.06,38566
6-Jun-11,27.19,27.87,27.13,27.51,42447
3-Jun-11,27.00,27.50,26.85,27.28,54440
2-Jun-11,27.66,27.85,27.26,27.39,35871
1-Jun-11,28.85,28.85,27.50,27.51,47573
31-May-11,29.23,29.56,28.83,28.88,145749
27-May-11,27.80,28.98,27.63,28.78,57891
26-May-11,27.40,27.75,27.15,27.69,73044
25-May-11,26.39,27.58,26.35,27.22,87978
24-May-11,27.00,27.04,26.35,26.49,81997
23-May-11,26.90,27.05,26.55,26.55,102906
20-May-11,27.00,27.50,27.00,27.06,43998
19-May-11,27.50,27.85,26.78,27.20,93414
18-May-11,26.69,28.28,26.69,27.35,96419
17-May-11,27.13,27.13,26.04,26.60,197579
16-May-11,27.94,28.20,27.27,27.31,123889
13-May-11,29.51,29.51,27.53,28.00,149917
12-May-11,29.14,29.51,28.97,29.50,24154
11-May-11,29.77,29.77,29.12,29.20,48613
10-May-11,29.21,29.77,29.20,29.77,94525
9-May-11,28.72,29.15,28.72,29.09,26975
6-May-11,29.21,29.25,28.72,28.77,15167
5-May-11,29.05,29.21,28.60,28.91,61562
4-May-11,29.58,29.77,29.13,29.13,42797
3-May-11,30.02,30.25,29.42,29.47,49014
2-May-11,30.79,30.83,29.91,29.91,53707
29-Apr-11,30.72,30.73,30.47,30.50,64215
28-Apr-11,30.85,31.27,30.55,30.62,83481
27-Apr-11,30.89,30.94,30.01,30.74,38300
26-Apr-11,30.30,30.89,30.27,30.82,28569
25-Apr-11,29.81,30.31,29.80,30.25,17343
21-Apr-11,29.95,30.52,29.64,29.94,68372
20-Apr-11,29.26,29.91,29.25,29.90,15834
19-Apr-11,29.42,29.47,28.75,28.91,45038
18-Apr-11,29.17,29.36,28.73,29.24,35799
15-Apr-11,29.05,29.54,28.70,29.49,46611
14-Apr-11,28.61,29.36,28.36,29.09,20021
13-Apr-11,28.55,29.75,28.32,28.87,95494
12-Apr-11,29.19,29.29,28.15,28.29,46362
11-Apr-11,29.85,30.00,29.28,29.29,17427
8-Apr-11,30.00,30.25,29.82,29.88,17559
7-Apr-11,30.35,30.53,30.00,30.08,32268
6-Apr-11,30.50,30.50,30.09,30.35,20091
5-Apr-11,30.61,30.75,30.43,30.56,36209
4-Apr-11,30.64,30.77,30.53,30.62,30901
1-Apr-11,30.50,30.76,30.40,30.53,34893
31-Mar-11,30.01,30.50,29.61,30.44,113133
30-Mar-11,31.19,31.24,30.83,30.89,102185
29-Mar-11,30.71,30.86,30.71,30.81,25916
28-Mar-11,30.66,31.03,30.60,30.62,45062
25-Mar-11,29.99,31.15,29.84,30.33,78810
24-Mar-11,28.75,29.85,28.63,29.70,34619
23-Mar-11,28.41,28.70,27.94,28.70,50806
22-Mar-11,28.74,28.75,27.92,28.45,39646
21-Mar-11,27.88,28.58,27.77,28.58,28086
18-Mar-11,27.35,27.76,27.35,27.59,70240
17-Mar-11,27.61,27.72,27.02,27.16,59045
16-Mar-11,27.57,27.88,27.01,27.31,54624
15-Mar-11,27.10,27.78,26.18,27.63,67024
14-Mar-11,28.54,28.71,27.60,27.70,38711
11-Mar-11,27.91,28.74,27.78,28.55,38584
10-Mar-11,27.90,28.46,27.72,27.99,67666
9-Mar-11,28.43,28.43,27.66,27.73,35909
8-Mar-11,25.76,28.54,25.76,28.54,69411
7-Mar-11,27.07,27.21,25.40,25.69,125128
4-Mar-11,27.68,27.69,26.85,26.85,35728
3-Mar-11,26.94,27.94,26.94,27.72,32572
2-Mar-11,26.95,26.99,26.63,26.71,52411
1-Mar-11,28.07,28.12,26.93,26.98,25274
28-Feb-11,28.26,28.26,27.84,28.06,27156
25-Feb-11,27.75,28.30,27.69,28.05,26505
24-Feb-11,27.53,27.75,27.25,27.66,26135
23-Feb-11,27.40,27.85,27.40,27.50,49577
22-Feb-11,28.15,28.23,27.10,27.37,46996
18-Feb-11,28.56,28.89,28.15,28.28,58715
17-Feb-11,27.90,28.58,27.81,28.43,52544
16-Feb-11,26.75,27.89,26.75,27.89,39999
15-Feb-11,26.39,26.91,26.35,26.69,26871
14-Feb-11,26.16,26.39,26.09,26.32,27720
11-Feb-11,26.27,26.41,25.98,26.22,34616
10-Feb-11,25.77,26.50,25.73,26.26,83585
9-Feb-11,25.51,25.79,25.51,25.58,22590
8-Feb-11,25.57,25.71,25.51,25.61,23701
7-Feb-11,25.33,25.70,25.33,25.59,16314
4-Feb-11,25.40,25.51,25.31,25.36,28107
3-Feb-11,25.29,25.50,25.29,25.48,19902
2-Feb-11,25.29,25.75,25.29,25.33,31605
1-Feb-11,25.36,25.69,25.32,25.43,38456
31-Jan-11,25.13,25.35,25.00,25.16,37473
28-Jan-11,24.61,25.10,24.61,25.05,119852
27-Jan-11,24.41,24.86,24.36,24.67,51799
26-Jan-11,24.33,24.63,24.20,24.36,29426
25-Jan-11,24.09,24.33,24.09,24.31,30822
24-Jan-11,23.94,24.50,23.94,24.23,18046
21-Jan-11,24.12,24.17,23.93,23.99,27368
20-Jan-11,23.93,24.12,23.93,23.98,19174
19-Jan-11,24.31,24.31,23.93,24.04,22917
18-Jan-11,24.30,24.50,24.20,24.38,32832
14-Jan-11,24.09,24.37,23.91,24.31,23482
13-Jan-11,24.09,24.10,24.01,24.06,18922
12-Jan-11,24.37,24.37,24.04,24.10,18423
11-Jan-11,24.47,24.53,24.08,24.12,23391
10-Jan-11,24.44,24.56,24.33,24.35,25917
7-Jan-11,24.46,24.56,24.12,24.53,23403
6-Jan-11,24.76,24.77,24.36,24.36,26669
5-Jan-11,23.92,24.84,23.92,24.65,63388
4-Jan-11,24.61,24.61,23.80,24.06,21661
3-Jan-11,24.22,24.74,24.22,24.60,37908
31-Dec-10,23.84,24.22,23.80,23.99,20958
30-Dec-10,24.21,24.22,23.96,23.96,16828
29-Dec-10,23.86,24.15,23.75,24.15,23859
28-Dec-10,24.40,24.40,24.18,24.29,18018
27-Dec-10,24.48,24.65,24.30,24.42,28491
23-Dec-10,24.87,24.87,24.48,24.57,28731
22-Dec-10,25.24,25.31,24.85,24.90,21461
21-Dec-10,25.15,25.45,25.06,25.18,26893
20-Dec-10,24.17,25.23,24.05,24.96,56534
17-Dec-10,23.77,24.13,23.20,24.11,118981
16-Dec-10,23.92,24.05,23.76,23.78,33630
15-Dec-10,24.29,24.34,23.84,23.95,68423
14-Dec-10,24.24,24.62,24.00,24.16,70876
13-Dec-10,24.70,24.70,24.16,24.22,67127
10-Dec-10,24.68,24.93,24.62,24.66,34386
9-Dec-10,24.95,24.98,24.62,24.68,19108
8-Dec-10,24.57,25.09,24.36,24.81,37532
7-Dec-10,25.23,25.30,24.36,24.44,76506
6-Dec-10,25.01,25.01,24.82,24.94,27015
3-Dec-10,25.13,25.24,24.86,25.15,26819
2-Dec-10,25.50,25.50,25.13,25.28,34693
1-Dec-10,24.90,25.71,24.90,25.48,74372
30-Nov-10,23.59,25.05,23.30,24.63,75226
29-Nov-10,23.50,23.84,23.00,23.79,33360
26-Nov-10,23.40,23.62,23.25,23.57,9506
24-Nov-10,23.62,23.62,23.23,23.42,22818
23-Nov-10,24.15,24.15,23.01,23.46,84735
22-Nov-10,24.72,25.17,24.15,24.19,43999
19-Nov-10,24.82,24.92,24.30,24.90,26948
18-Nov-10,23.98,24.92,23.98,24.79,30515
17-Nov-10,23.58,23.81,23.38,23.75,19673
16-Nov-10,23.65,23.65,23.00,23.50,61497
15-Nov-10,23.90,24.09,23.61,23.69,33443
12-Nov-10,24.40,24.40,23.57,23.70,41328
11-Nov-10,24.68,24.80,24.43,24.44,23371
10-Nov-10,24.86,25.14,24.54,25.02,37312
9-Nov-10,25.49,25.49,24.82,24.92,25595
8-Nov-10,25.94,25.95,24.99,25.48,49156
5-Nov-10,24.55,25.47,24.55,25.43,49021
4-Nov-10,24.35,24.52,24.28,24.52,55056
3-Nov-10,23.94,24.17,23.60,24.08,47917
2-Nov-10,23.11,23.99,22.89,23.75,49768
1-Nov-10,23.89,23.89,22.75,22.85,72295
29-Oct-10,22.90,23.90,22.81,23.69,59186
28-Oct-10,23.21,23.41,22.71,22.74,29907
27-Oct-10,23.43,23.44,22.76,23.03,50472
26-Oct-10,23.93,24.10,23.31,23.43,43070
25-Oct-10,23.72,24.11,23.42,24.10,44996
22-Oct-10,23.62,23.62,23.34,23.52,32526
21-Oct-10,23.46,23.61,23.22,23.50,50336
20-Oct-10,23.31,23.54,23.27,23.45,47359
19-Oct-10,23.31,23.63,23.01,23.12,47520
18-Oct-10,23.38,23.72,23.21,23.49,46367
15-Oct-10,23.78,23.98,23.27,23.27,46624
14-Oct-10,23.47,23.55,23.37,23.52,38594
13-Oct-10,23.50,23.55,23.47,23.50,101294
12-Oct-10,23.41,23.56,23.38,23.49,45756
11-Oct-10,23.39,23.69,23.31,23.42,52892
8-Oct-10,23.30,23.50,22.70,23.49,47155
7-Oct-10,23.51,23.52,23.30,23.32,23143
6-Oct-10,23.37,23.52,23.37,23.42,24315
5-Oct-10,23.07,23.52,23.00,23.44,34945
4-Oct-10,23.46,23.51,22.95,23.05,34245
1-Oct-10,23.42,23.43,23.07,23.32,30220
30-Sep-10,23.17,23.49,22.58,23.31,67327
29-Sep-10,23.60,23.69,22.51,23.01,57604
28-Sep-10,23.60,23.69,23.15,23.59,28756
27-Sep-10,24.18,24.23,23.86,23.87,68930
24-Sep-10,23.17,24.08,23.08,24.01,42280
23-Sep-10,23.60,23.60,22.66,22.91,54740
22-Sep-10,23.90,23.92,23.38,23.66,55530
21-Sep-10,22.95,23.95,22.95,23.81,109973
20-Sep-10,21.88,22.95,21.24,22.88,59504
17-Sep-10,22.58,22.58,21.88,21.88,63915
16-Sep-10,22.27,22.60,22.11,22.39,31422
15-Sep-10,22.15,22.47,21.87,22.41,13473
14-Sep-10,22.38,22.45,22.08,22.14,21196
13-Sep-10,21.97,22.53,21.82,22.50,54245
10-Sep-10,21.66,21.95,21.51,21.77,38481
9-Sep-10,21.53,21.70,21.42,21.66,29580
8-Sep-10,20.74,21.34,20.72,21.32,58083
7-Sep-10,21.23,21.23,20.63,20.74,36177
6-Sep-10,-,-,-,21.23,0
3-Sep-10,20.60,21.24,20.38,21.23,34635
2-Sep-10,20.94,20.94,20.31,20.39,35183
1-Sep-10,19.91,20.80,19.91,20.80,75048
31-Aug-10,19.39,19.92,19.31,19.84,75372
30-Aug-10,19.40,19.50,19.23,19.39,24003
27-Aug-10,19.40,19.73,19.21,19.40,117398
26-Aug-10,19.55,19.78,19.17,19.27,86998
25-Aug-10,19.44,19.52,19.28,19.44,64731
24-Aug-10,19.43,19.68,19.07,19.46,48352
23-Aug-10,20.11,20.33,19.54,19.58,55515
20-Aug-10,19.88,19.98,19.54,19.91,50443
19-Aug-10,20.39,20.39,19.53,20.01,74530
18-Aug-10,20.42,20.84,20.34,20.39,84862
17-Aug-10,19.99,20.74,19.72,20.44,36465
16-Aug-10,19.80,19.95,19.60,19.93,48095
13-Aug-10,20.12,20.12,19.46,19.92,62314
12-Aug-10,19.64,20.26,19.26,20.25,58363
11-Aug-10,19.90,20.17,19.57,19.94,91806
10-Aug-10,20.78,20.86,20.07,20.25,65280
9-Aug-10,20.21,20.97,20.02,20.90,56470
6-Aug-10,20.05,20.16,19.66,20.06,25998
5-Aug-10,19.88,20.45,19.88,20.32,79364
4-Aug-10,19.83,20.33,19.82,19.93,58695
3-Aug-10,19.83,19.94,19.73,19.85,35665
2-Aug-10,20.21,20.32,19.74,19.94,47069
30-Jul-10,19.64,20.10,19.56,20.07,40711
29-Jul-10,20.00,20.04,19.14,19.75,69537
28-Jul-10,19.31,19.63,19.13,19.29,37877
27-Jul-10,19.49,19.94,19.19,19.31,60750
26-Jul-10,18.40,19.45,18.24,19.37,69359
23-Jul-10,18.04,18.44,17.91,18.41,61195
22-Jul-10,18.23,18.33,17.92,18.13,61876
21-Jul-10,18.29,18.37,17.77,18.04,69164
20-Jul-10,17.55,18.38,17.23,18.37,76088
19-Jul-10,17.74,17.85,17.40,17.72,37592
16-Jul-10,18.06,18.22,17.72,17.79,62988
15-Jul-10,18.56,18.57,18.00,18.24,43658
14-Jul-10,18.95,19.00,18.37,18.60,40009
13-Jul-10,19.28,19.28,18.69,18.96,61832
12-Jul-10,19.35,19.43,19.09,19.13,21107
9-Jul-10,19.07,19.50,18.83,19.49,60776
8-Jul-10,18.88,19.18,18.71,19.18,47625
7-Jul-10,18.40,18.83,18.25,18.83,34718
6-Jul-10,18.62,18.68,18.11,18.32,55759
5-Jul-10,-,-,-,18.44,0
2-Jul-10,18.74,18.74,18.14,18.44,30401
1-Jul-10,18.98,18.98,18.18,18.61,46665
30-Jun-10,18.77,18.91,18.62,18.83,89385
29-Jun-10,18.98,19.15,18.62,18.77,39550
28-Jun-10,19.23,19.60,19.03,19.20,78640
25-Jun-10,19.63,19.76,18.56,19.58,634195
24-Jun-10,19.51,19.64,19.31,19.51,59828
23-Jun-10,20.25,20.35,19.40,19.55,59186
22-Jun-10,20.25,20.45,20.13,20.28,34958
21-Jun-10,20.41,20.41,20.21,20.27,18635
18-Jun-10,20.32,20.37,20.03,20.23,39028
17-Jun-10,20.40,20.53,20.03,20.35,40131
16-Jun-10,19.96,20.66,19.96,20.45,15119
15-Jun-10,19.90,20.21,19.71,20.21,28735
14-Jun-10,19.50,19.90,19.27,19.85,27195
11-Jun-10,19.21,19.30,19.14,19.25,8849
10-Jun-10,19.01,19.27,18.18,19.27,16825
9-Jun-10,19.03,19.20,18.67,18.67,15008
8-Jun-10,18.68,18.98,18.54,18.98,26928
7-Jun-10,18.75,18.90,18.66,18.72,43915
4-Jun-10,18.68,19.25,18.59,18.68,25319
3-Jun-10,18.86,19.31,18.65,19.03,25639
2-Jun-10,18.70,18.89,18.23,18.84,37710
1-Jun-10,18.93,19.73,18.66,18.70,32961
31-May-10,-,-,-,19.00,0
28-May-10,18.92,19.12,18.88,19.00,13466
27-May-10,18.48,18.88,17.97,18.86,17863
26-May-10,18.01,18.42,17.93,18.16,31732
25-May-10,17.91,17.91,16.81,17.89,93997
24-May-10,18.00,18.16,17.96,18.01,25864
21-May-10,18.05,18.56,17.90,17.94,61355
20-May-10,19.39,19.64,18.08,18.27,85829
19-May-10,20.00,20.39,19.54,19.75,81207
18-May-10,21.06,21.06,20.30,20.34,30960
17-May-10,20.60,21.25,20.19,20.89,61855
14-May-10,19.79,20.53,19.61,20.33,94937
13-May-10,19.88,20.06,19.45,19.80,40947
12-May-10,18.69,20.00,18.61,19.96,56913
11-May-10,18.62,19.26,18.51,18.74,34698
10-May-10,19.55,19.98,18.58,18.82,32870
7-May-10,19.05,19.78,18.10,19.55,67495
6-May-10,20.57,20.57,18.39,19.25,81193
5-May-10,20.30,20.58,20.00,20.49,54538
4-May-10,20.50,20.59,20.29,20.35,46843
3-May-10,20.30,20.78,20.30,20.74,24990
30-Apr-10,20.75,20.89,20.14,20.16,25670
29-Apr-10,20.65,20.73,20.58,20.65,59106
28-Apr-10,20.53,20.65,20.30,20.62,37477
27-Apr-10,20.65,20.65,20.30,20.54,20811
26-Apr-10,20.35,20.70,20.35,20.60,46789
23-Apr-10,20.34,20.46,20.22,20.44,39420
22-Apr-10,20.07,20.46,19.83,20.25,55650
21-Apr-10,20.15,20.30,20.15,20.27,14333
20-Apr-10,20.33,20.34,19.96,20.23,36366
19-Apr-10,20.22,20.22,20.02,20.17,42232
16-Apr-10,20.38,20.38,20.02,20.14,107850
15-Apr-10,20.50,20.50,20.27,20.39,39110
14-Apr-10,19.75,20.46,19.75,20.28,63003
13-Apr-10,19.27,19.68,19.20,19.62,30389
12-Apr-10,19.06,19.31,19.06,19.27,15161
9-Apr-10,19.22,19.25,18.91,19.19,14197
8-Apr-10,19.03,19.48,18.31,19.35,50154
7-Apr-10,18.05,19.48,18.05,18.96,62632
6-Apr-10,18.12,18.13,18.00,18.11,36134
5-Apr-10,18.13,18.32,17.95,18.05,27704
2-Apr-10,-,-,-,18.03,0
1-Apr-10,17.91,18.18,17.91,18.03,19210
31-Mar-10,18.02,18.05,17.81,17.82,26856
30-Mar-10,17.85,18.17,17.85,17.97,32132
29-Mar-10,17.94,18.08,17.79,17.94,25365
26-Mar-10,18.00,18.14,17.97,18.04,32110
25-Mar-10,18.11,18.11,17.90,18.00,34937
24-Mar-10,18.05,18.29,17.85,17.95,56623
23-Mar-10,18.02,18.28,17.97,18.05,81611
22-Mar-10,18.63,18.79,18.00,18.05,17268
19-Mar-10,17.99,18.98,17.94,18.90,107681
18-Mar-10,18.13,18.52,17.85,17.90,71261
17-Mar-10,18.42,18.42,18.15,18.26,11427
16-Mar-10,18.59,18.66,18.11,18.32,17984
15-Mar-10,18.75,18.75,18.51,18.60,15603
12-Mar-10,18.94,18.97,18.49,18.60,59216
11-Mar-10,18.61,18.70,18.46,18.69,51951
10-Mar-10,18.55,18.75,18.40,18.62,23440
9-Mar-10,18.48,18.81,18.40,18.40,94912
8-Mar-10,18.34,18.49,18.04,18.48,54984
5-Mar-10,18.50,18.50,18.02,18.35,15012
4-Mar-10,18.31,18.60,17.99,18.51,25946
3-Mar-10,18.34,18.37,17.88,18.31,43039
2-Mar-10,18.20,18.44,18.14,18.15,21629
1-Mar-10,18.31,18.78,18.15,18.19,23216
26-Feb-10,18.03,18.21,17.85,18.13,8770
25-Feb-10,17.85,18.10,17.85,18.09,20900
24-Feb-10,18.53,18.57,17.91,18.16,51769
23-Feb-10,18.25,18.53,18.05,18.37,35373
22-Feb-10,17.90,18.66,17.85,18.20,48379
19-Feb-10,17.83,17.90,17.60,17.77,19288
18-Feb-10,17.44,17.79,17.29,17.70,24655
17-Feb-10,17.79,17.79,16.92,17.27,112824
16-Feb-10,17.02,17.64,17.02,17.60,34423
15-Feb-10,-,-,-,16.91,0
12-Feb-10,17.30,17.73,16.70,16.91,35180
11-Feb-10,15.25,17.44,15.25,17.15,168736
10-Feb-10,14.69,14.99,14.67,14.84,17727
9-Feb-10,15.58,15.58,14.75,14.85,21789
8-Feb-10,14.92,15.43,14.68,15.43,7098
5-Feb-10,15.43,15.58,14.91,14.95,12102
4-Feb-10,15.12,15.40,14.70,15.40,59983
3-Feb-10,15.25,15.25,14.76,15.11,15336
2-Feb-10,15.15,15.24,15.09,15.24,6850
1-Feb-10,15.10,15.27,14.90,15.02,9325
29-Jan-10,15.29,15.37,14.90,15.10,13622
28-Jan-10,14.96,15.50,14.88,15.25,17732
27-Jan-10,14.40,14.95,14.40,14.95,16700
26-Jan-10,14.95,14.96,14.64,14.64,11925
25-Jan-10,14.98,14.98,14.18,14.96,18091
22-Jan-10,15.87,15.98,14.85,14.93,25822
21-Jan-10,16.10,16.19,15.69,16.06,32075
20-Jan-10,16.00,16.36,15.95,16.20,16878
19-Jan-10,16.47,16.47,15.88,16.02,26378
18-Jan-10,-,-,-,16.05,0
15-Jan-10,16.17,16.22,16.04,16.05,10775
14-Jan-10,15.98,16.70,15.98,16.17,22522
13-Jan-10,16.09,16.16,16.02,16.15,11487
12-Jan-10,15.82,16.15,15.82,16.15,11583
11-Jan-10,16.10,16.21,15.76,15.88,11217
8-Jan-10,16.06,16.10,15.87,16.10,43615
7-Jan-10,16.17,16.23,15.95,16.05,55414
6-Jan-10,16.15,16.23,15.78,16.08,33657
5-Jan-10,15.61,16.19,15.61,16.09,13624
4-Jan-10,15.20,15.97,15.10,15.76,21871
1-Jan-10,-,-,-,15.23,0
31-Dec-09,15.14,15.24,15.02,15.23,12422
30-Dec-09,15.19,15.50,15.05,15.18,45136
29-Dec-09,15.90,15.90,15.28,15.43,22697
28-Dec-09,15.89,15.90,15.33,15.60,11237
25-Dec-09,-,-,-,15.79,0
24-Dec-09,15.69,15.87,15.69,15.79,1940
23-Dec-09,16.01,16.12,15.51,15.69,24338
22-Dec-09,15.32,16.21,15.20,16.00,19855
21-Dec-09,15.15,15.85,15.15,15.40,18128
18-Dec-09,15.49,15.77,14.90,15.20,42443
17-Dec-09,15.50,15.83,15.28,15.54,44965
16-Dec-09,14.99,15.45,14.87,15.45,31753
15-Dec-09,14.42,14.88,14.42,14.75,24505
14-Dec-09,14.64,14.88,14.55,14.76,33420
11-Dec-09,14.53,14.60,13.87,14.25,70834
10-Dec-09,14.53,14.64,14.40,14.63,242509
9-Dec-09,14.60,14.83,14.41,14.55,60380
8-Dec-09,14.74,14.75,14.52,14.61,46604
7-Dec-09,13.80,14.95,13.80,14.76,91918
4-Dec-09,13.83,14.02,13.62,13.90,73262
3-Dec-09,13.42,13.73,13.33,13.50,47167
2-Dec-09,13.34,13.77,13.31,13.52,107222
1-Dec-09,13.50,13.50,13.07,13.43,30665
30-Nov-09,13.21,13.50,13.01,13.25,7347
27-Nov-09,12.25,13.35,12.25,13.24,9142
26-Nov-09,-,-,-,13.15,0
25-Nov-09,13.18,13.31,13.11,13.15,11910
24-Nov-09,13.20,13.33,12.99,13.28,7835
23-Nov-09,13.75,13.75,12.48,13.20,13579
20-Nov-09,13.03,13.35,12.98,13.35,10076
19-Nov-09,13.21,13.29,12.87,13.11,20873
18-Nov-09,12.80,13.34,12.70,13.33,44642
17-Nov-09,12.75,12.95,12.75,12.82,13554
16-Nov-09,12.81,13.15,12.81,12.99,39853
13-Nov-09,12.95,13.22,12.65,12.96,25213
12-Nov-09,13.64,13.64,13.00,13.01,27884
11-Nov-09,13.85,14.22,13.37,13.77,90787
10-Nov-09,12.70,13.96,12.70,13.70,103805
9-Nov-09,11.78,12.87,11.63,12.68,150816
6-Nov-09,12.45,12.45,11.41,11.82,97990
5-Nov-09,12.45,12.62,12.36,12.45,30091
4-Nov-09,12.12,12.92,11.87,12.47,50150
3-Nov-09,11.88,12.24,11.52,12.18,27212
2-Nov-09,11.74,12.35,11.22,12.04,38883
30-Oct-09,12.40,12.40,11.45,11.74,54502
29-Oct-09,11.57,12.59,11.48,12.27,71778
28-Oct-09,12.20,12.33,11.59,11.68,71516
27-Oct-09,13.15,13.15,11.65,12.40,145389
26-Oct-09,13.85,13.86,12.50,13.09,229226
23-Oct-09,14.15,14.15,13.20,14.00,176496
22-Oct-09,14.00,14.20,13.36,14.20,202146
21-Oct-09,14.00,14.13,13.87,14.05,283650
20-Oct-09,14.00,14.05,13.72,14.05,166188
19-Oct-09,13.61,14.24,13.61,14.00,153090
16-Oct-09,13.05,13.50,13.05,13.36,82769
15-Oct-09,12.28,13.69,12.10,13.50,267145
14-Oct-09,11.80,12.40,11.27,12.40,116749
13-Oct-09,11.60,11.80,11.09,11.80,33164
12-Oct-09,10.89,11.85,10.89,11.85,56368
9-Oct-09,11.02,11.50,11.02,11.38,60166
8-Oct-09,11.49,11.64,10.54,11.35,173631
7-Oct-09,9.50,10.58,9.41,10.56,127529
6-Oct-09,0.44,0.50,0.44,0.50,1319614
5-Oct-09,9.20,9.20,8.40,8.80,38342
2-Oct-09,9.20,9.40,8.80,9.00,74407
1-Oct-09,9.82,9.82,9.40,9.50,39121
30-Sep-09,10.00,10.00,9.60,9.80,57551
29-Sep-09,9.80,10.20,9.60,10.00,45746
28-Sep-09,10.40,10.60,10.00,10.19,23093
25-Sep-09,10.00,11.00,9.80,10.29,29968
24-Sep-09,10.60,11.40,10.00,10.00,39600
23-Sep-09,11.20,12.40,10.00,10.00,111183
22-Sep-09,9.60,11.60,9.60,11.60,109817
21-Sep-09,9.60,10.40,9.60,9.60,38665
18-Sep-09,9.80,10.20,9.40,9.40,22792
17-Sep-09,10.20,10.20,9.60,9.80,13640
16-Sep-09,10.40,10.60,9.40,10.20,32952
15-Sep-09,9.60,10.79,9.60,10.40,63470
14-Sep-09,9.80,9.80,9.20,9.60,23461
11-Sep-09,9.40,9.80,9.40,9.60,14590
10-Sep-09,9.40,10.00,9.40,9.40,10486
9-Sep-09,10.20,10.20,9.40,9.40,15122
8-Sep-09,9.00,11.00,9.00,10.00,39353
4-Sep-09,9.00,9.60,8.82,9.40,15689
3-Sep-09,9.40,9.80,8.80,9.20,55920
2-Sep-09,9.40,9.60,9.13,9.40,27613
1-Sep-09,10.00,10.20,9.20,9.40,67542
31-Aug-09,10.80,11.40,10.00,10.40,52842
28-Aug-09,12.20,12.40,10.20,10.80,248406
27-Aug-09,9.20,10.84,9.20,10.84,129232
26-Aug-09,9.20,10.40,9.20,9.20,101714
25-Aug-09,9.60,9.60,9.00,9.00,18925
24-Aug-09,9.60,10.40,8.80,9.40,119820
21-Aug-09,9.00,9.80,8.64,9.80,53504
20-Aug-09,8.60,9.60,8.45,9.20,25534
19-Aug-09,9.20,9.20,8.60,8.60,12968
18-Aug-09,8.60,9.20,8.40,8.80,17593
17-Aug-09,9.20,9.20,8.40,8.60,24673
14-Aug-09,9.60,9.60,9.00,9.20,19502
13-Aug-09,9.60,10.40,9.40,9.60,35527
12-Aug-09,8.20,9.20,8.00,9.20,43081
10-Aug-09,9.20,10.00,9.00,9.00,130596
7-Aug-09,9.20,9.40,9.20,9.20,16403
6-Aug-09,8.70,9.60,8.60,9.00,96009
5-Aug-09,8.80,8.80,8.44,8.70,25479
4-Aug-09,8.00,8.70,8.00,8.70,24105
3-Aug-09,8.20,9.20,8.00,8.50,40237
31-Jul-09,7.40,8.40,7.40,8.30,33537
30-Jul-09,8.00,8.20,7.80,7.80,12291
29-Jul-09,8.00,8.20,7.80,8.00,17011
28-Jul-09,8.20,8.20,7.80,8.20,6513
27-Jul-09,8.40,8.40,8.20,8.40,14455
24-Jul-09,9.00,9.00,8.20,8.24,13594
23-Jul-09,8.40,9.00,8.21,8.60,37806
22-Jul-09,7.60,8.40,7.60,8.40,14270
21-Jul-09,7.60,9.20,7.40,7.40,9617
20-Jul-09,7.27,8.80,7.27,8.20,20128
17-Jul-09,8.60,8.60,7.60,7.80,17217
16-Jul-09,8.40,8.40,7.60,7.62,36609
15-Jul-09,9.00,9.00,7.80,8.00,34245
14-Jul-09,7.00,9.00,6.80,8.80,759861
13-Jul-09,6.80,7.20,6.80,7.00,47597
10-Jul-09,6.80,7.60,6.80,7.00,48405
9-Jul-09,7.40,7.60,6.80,7.00,97396
8-Jul-09,7.20,7.60,7.20,7.40,17034
7-Jul-09,7.20,7.80,7.20,7.40,18453
6-Jul-09,7.40,7.80,7.18,7.40,20409
3-Jul-09,-,-,-,7.64,0
2-Jul-09,8.00,8.00,7.41,7.64,6114
1-Jul-09,8.22,8.22,7.40,8.00,22168
30-Jun-09,8.20,8.20,7.00,7.60,30531
29-Jun-09,7.20,7.80,6.80,7.40,98808
26-Jun-09,8.20,9.00,6.40,6.40,717697
25-Jun-09,7.80,8.40,7.80,8.20,42054
24-Jun-09,8.20,9.00,7.20,7.80,22167
23-Jun-09,7.40,8.40,7.20,8.40,48242
22-Jun-09,8.00,8.40,7.40,8.00,55630
19-Jun-09,8.40,8.40,7.80,8.00,37250
18-Jun-09,8.20,8.40,7.20,8.00,40041
17-Jun-09,8.60,8.60,8.20,8.20,21720
16-Jun-09,9.00,9.00,8.20,8.20,46612
15-Jun-09,8.80,8.80,8.00,8.20,27310
12-Jun-09,8.40,9.20,8.40,8.80,20983
11-Jun-09,9.40,9.80,8.80,9.00,15454
10-Jun-09,10.00,10.00,6.20,9.40,33389
