Date, Open, High, Low, Close, Volume
17-May-13,4.46,4.47,4.42,4.47,1244364
16-May-13,4.49,4.49,4.45,4.46,1676690
15-May-13,4.47,4.50,4.45,4.48,2097852
14-May-13,4.45,4.45,4.42,4.44,1057392
13-May-13,4.46,4.46,4.43,4.45,737686
10-May-13,4.45,4.46,4.44,4.46,1442265
9-May-13,4.52,4.54,4.49,4.54,3278260
8-May-13,4.61,4.63,4.59,4.62,2428474
7-May-13,4.53,4.55,4.48,4.54,1492174
6-May-13,4.52,4.59,4.51,4.57,2435601
3-May-13,4.51,4.55,4.47,4.49,5814732
2-May-13,4.54,4.58,4.40,4.44,12983242
1-May-13,4.84,4.93,4.80,4.89,713197
30-Apr-13,4.70,4.98,4.69,4.84,1205368
29-Apr-13,4.52,4.60,4.52,4.59,388932
26-Apr-13,4.37,4.42,4.37,4.40,116606
25-Apr-13,4.45,4.48,4.43,4.47,495461
24-Apr-13,4.42,4.47,4.40,4.46,266163
23-Apr-13,4.32,4.33,4.30,4.31,313822
22-Apr-13,4.27,4.31,4.27,4.30,321594
19-Apr-13,4.35,4.38,4.31,4.33,449137
18-Apr-13,4.30,4.34,4.25,4.31,584371
17-Apr-13,4.24,4.24,4.14,4.16,583591
16-Apr-13,4.29,4.31,4.26,4.28,339272
15-Apr-13,4.25,4.27,4.18,4.20,385692
12-Apr-13,4.39,4.40,4.31,4.35,158962
11-Apr-13,4.38,4.44,4.37,4.42,302637
10-Apr-13,4.33,4.38,4.32,4.37,263947
9-Apr-13,4.20,4.30,4.18,4.29,477454
8-Apr-13,4.25,4.36,4.23,4.29,261235
5-Apr-13,4.06,4.22,4.05,4.22,337251
4-Apr-13,4.26,4.30,4.25,4.27,155965
3-Apr-13,4.28,4.34,4.26,4.27,391554
2-Apr-13,4.30,4.32,4.25,4.27,449345
1-Apr-13,4.29,4.29,4.20,4.22,407366
28-Mar-13,4.30,4.32,4.26,4.30,794053
27-Mar-13,4.37,4.41,4.33,4.41,550355
26-Mar-13,4.31,4.37,4.29,4.35,797728
25-Mar-13,4.32,4.34,4.28,4.30,719539
22-Mar-13,4.14,4.14,4.09,4.09,329424
21-Mar-13,4.17,4.18,4.12,4.12,157705
20-Mar-13,4.22,4.23,4.19,4.21,265837
19-Mar-13,4.22,4.24,4.16,4.19,715000
18-Mar-13,4.17,4.23,4.16,4.23,808854
15-Mar-13,4.20,4.22,4.15,4.18,1346727
14-Mar-13,4.35,4.37,4.31,4.37,677419
13-Mar-13,4.42,4.44,4.39,4.43,225075
12-Mar-13,4.53,4.53,4.48,4.49,356288
11-Mar-13,4.59,4.65,4.58,4.62,605747
8-Mar-13,4.45,4.45,4.38,4.40,813126
7-Mar-13,4.40,4.42,4.37,4.38,1105476
6-Mar-13,4.40,4.41,4.37,4.39,362878
5-Mar-13,4.35,4.48,4.35,4.48,1159359
4-Mar-13,4.22,4.22,4.16,4.19,942332
1-Mar-13,4.33,4.34,4.30,4.32,712539
28-Feb-13,4.28,4.35,4.28,4.34,655956
27-Feb-13,4.27,4.32,4.26,4.31,872976
26-Feb-13,4.29,4.29,4.20,4.24,1649951
25-Feb-13,4.36,4.38,4.27,4.28,1036617
22-Feb-13,4.31,4.34,4.29,4.32,842036
21-Feb-13,4.21,4.25,4.18,4.25,747032
20-Feb-13,4.29,4.29,4.17,4.19,1912477
19-Feb-13,4.26,4.33,4.24,4.33,2615586
15-Feb-13,3.93,3.93,3.89,3.89,592173
14-Feb-13,3.90,3.93,3.88,3.90,1566577
13-Feb-13,3.93,3.94,3.90,3.90,772356
12-Feb-13,3.89,3.92,3.88,3.91,389901
11-Feb-13,3.90,3.91,3.86,3.89,979726
8-Feb-13,3.94,3.94,3.88,3.92,1243028
7-Feb-13,3.94,3.94,3.85,3.91,1024030
6-Feb-13,3.78,3.95,3.77,3.92,697432
5-Feb-13,3.76,3.82,3.72,3.81,2122794
4-Feb-13,3.86,3.86,3.78,3.81,1028087
1-Feb-13,3.94,3.98,3.90,3.92,799138
31-Jan-13,3.99,4.02,3.96,3.98,1349883
30-Jan-13,3.98,3.98,3.92,3.95,1277263
29-Jan-13,4.02,4.05,3.99,4.02,2566454
28-Jan-13,3.97,3.97,3.87,3.91,771939
25-Jan-13,4.05,4.06,4.00,4.04,1878525
24-Jan-13,4.04,4.04,3.96,4.00,2739779
23-Jan-13,3.97,3.99,3.95,3.98,1198466
22-Jan-13,3.93,3.98,3.89,3.94,2093290
18-Jan-13,3.94,3.94,3.92,3.93,594926
17-Jan-13,4.00,4.01,3.97,4.00,2206901
16-Jan-13,3.95,4.01,3.94,4.00,1768798
15-Jan-13,4.12,4.14,4.05,4.11,5116550
14-Jan-13,4.22,4.31,4.21,4.25,1413221
11-Jan-13,4.23,4.23,4.19,4.22,2635614
10-Jan-13,4.34,4.35,4.27,4.32,2852876
9-Jan-13,4.40,4.41,4.28,4.30,3592940
8-Jan-13,4.52,4.52,4.37,4.40,1883084
7-Jan-13,4.47,4.52,4.46,4.51,757527
4-Jan-13,4.71,4.74,4.69,4.72,921937
3-Jan-13,4.69,4.76,4.69,4.74,1251957
2-Jan-13,4.73,4.80,4.70,4.78,1885514
31-Dec-12,4.40,4.50,4.37,4.50,305823
28-Dec-12,4.40,4.44,4.39,4.41,450619
27-Dec-12,4.44,4.44,4.38,4.44,439663
26-Dec-12,4.38,4.40,4.36,4.39,345399
24-Dec-12,4.27,4.31,4.27,4.30,687701
21-Dec-12,4.52,4.53,4.47,4.52,1253676
20-Dec-12,4.79,4.82,4.77,4.81,798361
19-Dec-12,4.76,4.78,4.74,4.75,933436
18-Dec-12,4.72,4.72,4.62,4.71,1557480
17-Dec-12,4.67,4.73,4.66,4.73,1288952
14-Dec-12,4.65,4.66,4.57,4.58,1303905
13-Dec-12,4.68,4.79,4.67,4.74,2874707
12-Dec-12,4.44,4.44,4.38,4.41,1166578
11-Dec-12,4.38,4.39,4.28,4.32,2963774
10-Dec-12,4.46,4.52,4.46,4.46,3511481
7-Dec-12,4.48,4.49,4.45,4.48,967827
6-Dec-12,4.37,4.38,4.31,4.32,961799
5-Dec-12,4.45,4.47,4.39,4.45,1234982
4-Dec-12,4.49,4.57,4.48,4.48,3848623
3-Dec-12,4.38,4.43,4.34,4.38,2182373
30-Nov-12,4.16,4.18,4.11,4.12,1514285
29-Nov-12,4.05,4.10,4.03,4.06,2892139
28-Nov-12,4.06,4.13,4.01,4.10,4166955
27-Nov-12,4.01,4.03,3.92,3.96,3962232
26-Nov-12,4.11,4.11,4.02,4.05,1125955
23-Nov-12,4.02,4.06,3.97,4.03,1213789
21-Nov-12,3.76,3.81,3.75,3.79,864173
20-Nov-12,3.83,3.85,3.81,3.85,422100
19-Nov-12,3.88,3.89,3.84,3.89,819788
16-Nov-12,3.83,3.83,3.76,3.79,752535
15-Nov-12,3.88,3.91,3.85,3.89,1080355
14-Nov-12,3.94,3.98,3.92,3.93,264848
13-Nov-12,3.93,3.96,3.89,3.96,562555
12-Nov-12,4.15,4.16,4.08,4.12,1087624
9-Nov-12,4.01,4.13,4.01,4.11,1279579
8-Nov-12,4.00,4.06,4.00,4.03,990853
7-Nov-12,4.00,4.01,3.90,3.90,742110
6-Nov-12,4.01,4.02,3.99,4.01,462708
5-Nov-12,4.00,4.04,3.96,4.01,644856
2-Nov-12,4.04,4.06,4.01,4.01,1200158
1-Nov-12,3.91,4.02,3.91,4.01,1328424
31-Oct-12,3.74,3.78,3.70,3.78,1446408
26-Oct-12,3.50,3.56,3.48,3.53,1644622
25-Oct-12,3.69,3.84,3.66,3.78,841273
24-Oct-12,3.91,3.94,3.88,3.89,557966
23-Oct-12,3.95,3.95,3.90,3.92,980124
22-Oct-12,3.89,4.04,3.88,3.97,3004826
19-Oct-12,3.92,3.92,3.83,3.85,405676
18-Oct-12,3.94,3.96,3.90,3.93,1357019
17-Oct-12,4.00,4.00,3.93,3.98,2424825
16-Oct-12,3.87,3.97,3.84,3.95,2052114
15-Oct-12,3.58,3.61,3.54,3.60,1901161
12-Oct-12,3.60,3.61,3.44,3.45,303714
11-Oct-12,3.43,3.49,3.42,3.44,755967
10-Oct-12,3.31,3.39,3.30,3.35,677741
9-Oct-12,3.44,3.44,3.36,3.37,570332
8-Oct-12,3.51,3.51,3.45,3.49,1125184
5-Oct-12,3.59,3.61,3.55,3.56,958763
4-Oct-12,3.50,3.52,3.48,3.52,700865
3-Oct-12,3.62,3.62,3.50,3.54,1118557
2-Oct-12,3.58,3.61,3.56,3.60,636854
1-Oct-12,3.48,3.57,3.48,3.53,501297
28-Sep-12,3.55,3.57,3.44,3.48,1448303
27-Sep-12,3.66,3.72,3.66,3.69,906878
26-Sep-12,3.63,3.64,3.57,3.60,1204921
25-Sep-12,3.87,3.87,3.73,3.74,719851
24-Sep-12,3.85,3.87,3.82,3.86,411850
21-Sep-12,3.94,3.95,3.85,3.85,1166235
20-Sep-12,3.69,3.78,3.63,3.76,1755372
19-Sep-12,3.84,3.89,3.80,3.87,867776
18-Sep-12,3.87,3.91,3.83,3.88,698443
17-Sep-12,3.84,3.84,3.79,3.80,458042
14-Sep-12,3.93,3.95,3.89,3.93,960261
13-Sep-12,3.58,3.72,3.56,3.72,1336483
12-Sep-12,3.82,3.82,3.67,3.68,3361628
11-Sep-12,3.60,3.62,3.57,3.62,1017049
10-Sep-12,3.56,3.59,3.56,3.56,962813
7-Sep-12,3.32,3.44,3.32,3.40,933629
6-Sep-12,3.17,3.23,3.16,3.23,736871
5-Sep-12,3.17,3.21,3.16,3.18,1045783
4-Sep-12,3.10,3.14,3.10,3.11,839905
31-Aug-12,3.04,3.06,2.97,3.03,1020236
30-Aug-12,3.07,3.08,3.03,3.04,530936
29-Aug-12,3.02,3.06,3.02,3.06,532563
28-Aug-12,3.00,3.02,2.98,3.00,479710
27-Aug-12,3.03,3.04,3.00,3.04,473707
24-Aug-12,3.08,3.08,3.04,3.05,1403394
23-Aug-12,3.18,3.18,3.15,3.15,313939
22-Aug-12,3.20,3.22,3.15,3.20,772789
21-Aug-12,3.08,3.10,3.06,3.07,654256
20-Aug-12,2.96,2.97,2.95,2.96,398473
17-Aug-12,3.00,3.00,2.94,2.99,665269
16-Aug-12,3.02,3.04,2.96,3.04,829973
15-Aug-12,3.00,3.05,3.00,3.04,420862
14-Aug-12,3.03,3.05,3.01,3.01,731906
13-Aug-12,3.01,3.05,2.96,2.98,784198
10-Aug-12,2.94,2.95,2.90,2.92,403321
9-Aug-12,2.89,2.93,2.88,2.93,852385
8-Aug-12,2.87,2.95,2.85,2.87,788731
7-Aug-12,2.74,2.80,2.74,2.78,665989
6-Aug-12,2.72,2.75,2.70,2.74,626193
3-Aug-12,2.72,2.79,2.72,2.79,1843493
2-Aug-12,2.92,2.92,2.82,2.85,1538168
1-Aug-12,2.98,2.98,2.89,2.93,1924585
31-Jul-12,3.03,3.07,2.97,2.99,3626892
30-Jul-12,2.97,2.98,2.85,2.89,909743
27-Jul-12,3.02,3.10,2.98,3.09,1335643
26-Jul-12,2.99,3.04,2.94,3.03,1310338
25-Jul-12,3.13,3.15,2.90,2.93,1277592
24-Jul-12,3.20,3.20,3.13,3.17,516444
23-Jul-12,3.28,3.28,3.20,3.25,552351
20-Jul-12,3.40,3.41,3.35,3.37,396394
19-Jul-12,3.45,3.45,3.39,3.43,587373
18-Jul-12,3.51,3.51,3.45,3.48,1854119
17-Jul-12,3.60,3.61,3.55,3.58,966597
16-Jul-12,3.67,3.67,3.55,3.59,1024468
13-Jul-12,3.68,3.71,3.62,3.70,802316
12-Jul-12,3.71,3.71,3.63,3.69,433698
11-Jul-12,3.77,3.78,3.72,3.78,2033348
10-Jul-12,3.82,3.83,3.73,3.74,1409561
9-Jul-12,3.89,3.89,3.82,3.83,842702
6-Jul-12,3.99,4.01,3.92,3.92,1027538
5-Jul-12,4.10,4.10,3.98,3.99,1319577
3-Jul-12,4.04,4.10,4.04,4.07,766151
2-Jul-12,4.02,4.02,3.98,4.02,471366
29-Jun-12,4.02,4.03,4.00,4.02,528696
28-Jun-12,3.88,3.92,3.87,3.90,643558
27-Jun-12,3.94,3.98,3.92,3.97,389449
26-Jun-12,3.85,3.92,3.81,3.89,940964
25-Jun-12,3.89,3.90,3.84,3.89,736214
22-Jun-12,3.96,3.96,3.92,3.96,556973
21-Jun-12,4.03,4.04,3.90,3.90,891583
20-Jun-12,4.02,4.07,4.02,4.07,752245
19-Jun-12,4.01,4.03,3.98,3.99,1391073
18-Jun-12,4.00,4.07,4.00,4.06,297655
15-Jun-12,3.94,4.04,3.94,4.01,618796
14-Jun-12,3.90,3.96,3.87,3.94,678202
13-Jun-12,3.91,3.93,3.87,3.88,631594
12-Jun-12,3.88,3.94,3.82,3.92,1348640
11-Jun-12,3.92,3.92,3.81,3.81,1303603
8-Jun-12,3.73,3.73,3.58,3.68,2336810
7-Jun-12,3.93,3.96,3.90,3.91,722488
6-Jun-12,3.87,3.97,3.84,3.97,1435637
5-Jun-12,3.67,3.83,3.67,3.79,1883774
4-Jun-12,3.71,3.71,3.59,3.67,1126339
1-Jun-12,3.88,3.90,3.83,3.87,564661
31-May-12,4.03,4.06,3.97,3.99,1349781
30-May-12,4.13,4.16,4.08,4.13,912295
29-May-12,4.14,4.18,4.10,4.17,1742725
25-May-12,3.93,3.94,3.91,3.94,442552
24-May-12,3.97,3.98,3.90,3.94,985333
23-May-12,4.02,4.02,3.86,3.94,1517257
22-May-12,4.12,4.16,4.10,4.12,622738
21-May-12,4.07,4.11,4.05,4.10,1178471
18-May-12,4.11,4.12,4.03,4.05,952089
17-May-12,4.24,4.28,4.22,4.24,784707
16-May-12,4.18,4.18,4.12,4.12,588613
15-May-12,4.23,4.26,4.18,4.24,635680
14-May-12,4.33,4.33,4.26,4.29,827394
11-May-12,4.40,4.42,4.37,4.39,195060
10-May-12,4.43,4.45,4.37,4.43,716231
9-May-12,4.37,4.44,4.35,4.43,1000405
8-May-12,4.53,4.54,4.43,4.47,1108127
7-May-12,4.62,4.67,4.62,4.64,1486204
4-May-12,4.71,4.73,4.65,4.67,783298
3-May-12,4.69,4.69,4.64,4.66,897713
2-May-12,4.62,4.70,4.59,4.66,1138458
1-May-12,4.49,4.53,4.46,4.51,422990
30-Apr-12,4.48,4.49,4.40,4.49,904727
27-Apr-12,4.58,4.58,4.45,4.52,1391163
26-Apr-12,4.60,4.65,4.56,4.64,1247403
25-Apr-12,4.70,4.76,4.66,4.75,1047972
24-Apr-12,4.53,4.54,4.50,4.53,867121
23-Apr-12,4.60,4.66,4.53,4.56,1742885
20-Apr-12,4.79,4.81,4.76,4.77,938055
19-Apr-12,4.75,4.80,4.75,4.78,839633
18-Apr-12,4.75,4.77,4.69,4.73,1334321
17-Apr-12,4.85,4.88,4.81,4.87,747502
16-Apr-12,5.03,5.05,4.93,4.95,720125
13-Apr-12,5.09,5.11,5.00,5.03,1525877
12-Apr-12,4.90,5.01,4.89,4.98,1422325
11-Apr-12,4.88,4.90,4.84,4.87,1420878
10-Apr-12,4.91,4.91,4.76,4.78,1551039
9-Apr-12,4.66,4.74,4.65,4.71,787902
5-Apr-12,4.82,4.90,4.81,4.86,1328031
4-Apr-12,4.60,4.63,4.53,4.60,1284140
3-Apr-12,4.68,4.70,4.63,4.63,931322
2-Apr-12,4.66,4.74,4.62,4.74,1588648
30-Mar-12,4.62,4.65,4.54,4.56,1872912
29-Mar-12,4.59,4.68,4.56,4.64,1004985
28-Mar-12,4.83,4.83,4.72,4.76,2397617
27-Mar-12,4.79,4.80,4.68,4.69,1761836
26-Mar-12,4.81,4.83,4.73,4.79,1396794
23-Mar-12,4.99,4.99,4.86,4.91,1155083
22-Mar-12,5.05,5.09,5.01,5.01,799681
21-Mar-12,5.13,5.14,5.10,5.11,540925
20-Mar-12,5.15,5.15,5.07,5.08,948395
19-Mar-12,5.20,5.24,5.17,5.21,882275
16-Mar-12,5.26,5.26,5.20,5.22,784654
15-Mar-12,5.15,5.20,5.08,5.20,1011558
14-Mar-12,5.21,5.26,5.04,5.14,3719046
13-Mar-12,5.36,5.49,5.18,5.42,2156055
12-Mar-12,5.34,5.35,5.25,5.28,1367276
9-Mar-12,5.38,5.48,5.38,5.42,1627236
8-Mar-12,5.22,5.29,5.19,5.28,1192627
7-Mar-12,5.15,5.17,5.10,5.15,1586634
6-Mar-12,5.23,5.23,5.09,5.16,1643943
5-Mar-12,5.31,5.31,5.18,5.24,1472179
2-Mar-12,5.27,5.29,5.17,5.21,692524
1-Mar-12,5.35,5.38,5.33,5.38,506004
29-Feb-12,5.36,5.39,5.30,5.31,980825
28-Feb-12,5.33,5.40,5.31,5.37,756788
27-Feb-12,5.27,5.34,5.26,5.31,657010
24-Feb-12,5.33,5.37,5.30,5.33,1119325
23-Feb-12,5.01,5.08,4.99,5.07,1106912
22-Feb-12,5.06,5.12,5.05,5.07,763047
21-Feb-12,5.13,5.13,4.97,4.97,2103366
17-Feb-12,5.30,5.36,5.29,5.33,1398147
16-Feb-12,5.38,5.47,5.35,5.47,987400
15-Feb-12,5.64,5.67,5.53,5.61,2482543
14-Feb-12,5.50,5.51,5.41,5.44,1079146
13-Feb-12,5.51,5.57,5.49,5.52,1398693
10-Feb-12,5.48,5.55,5.46,5.53,1109998
9-Feb-12,5.52,5.56,5.50,5.51,1484675
8-Feb-12,5.56,5.64,5.48,5.56,2645643
7-Feb-12,5.69,5.70,5.64,5.67,1373439
6-Feb-12,5.61,5.71,5.58,5.70,2804889
3-Feb-12,5.85,5.98,5.85,5.89,4069185
2-Feb-12,5.69,5.77,5.62,5.73,2130958
1-Feb-12,5.37,5.43,5.31,5.43,2830835
31-Jan-12,5.37,5.41,5.24,5.27,1918123
30-Jan-12,5.26,5.37,5.25,5.37,1488508
27-Jan-12,5.11,5.32,5.10,5.25,2521343
26-Jan-12,5.28,5.29,5.13,5.16,1121702
25-Jan-12,5.16,5.29,5.09,5.28,2653988
24-Jan-12,5.14,5.17,5.10,5.14,726965
23-Jan-12,5.06,5.18,5.05,5.18,1174713
20-Jan-12,5.04,5.12,5.01,5.12,1159130
19-Jan-12,5.02,5.04,4.96,5.01,888227
18-Jan-12,4.94,5.00,4.94,4.98,1466049
17-Jan-12,4.90,4.96,4.89,4.92,1425105
13-Jan-12,4.61,4.67,4.60,4.66,1577977
12-Jan-12,4.73,4.84,4.73,4.83,1332784
11-Jan-12,4.73,4.82,4.70,4.79,1441437
10-Jan-12,4.65,4.69,4.58,4.67,2439618
9-Jan-12,4.28,4.29,4.24,4.27,498707
6-Jan-12,4.34,4.34,4.25,4.25,787886
5-Jan-12,4.34,4.40,4.31,4.39,400881
4-Jan-12,4.35,4.36,4.30,4.34,725174
3-Jan-12,4.40,4.41,4.33,4.34,1090531
30-Dec-11,4.36,4.36,4.28,4.32,1482491
29-Dec-11,4.33,4.40,4.32,4.40,535530
28-Dec-11,4.42,4.42,4.27,4.33,1319339
27-Dec-11,4.52,4.54,4.46,4.46,526223
23-Dec-11,4.49,4.55,4.45,4.55,780589
22-Dec-11,4.42,4.47,4.35,4.47,1527659
21-Dec-11,4.40,4.46,4.32,4.46,1884591
20-Dec-11,4.20,4.30,4.17,4.27,2353068
19-Dec-11,4.16,4.20,4.08,4.09,2344329
16-Dec-11,4.15,4.21,4.08,4.14,1969009
15-Dec-11,4.27,4.27,4.11,4.12,1726288
14-Dec-11,4.25,4.28,4.20,4.25,3085611
13-Dec-11,4.33,4.38,4.27,4.28,1643918
12-Dec-11,4.36,4.36,4.22,4.28,1233551
9-Dec-11,4.46,4.49,4.41,4.49,1509452
8-Dec-11,4.58,4.58,4.37,4.42,1202018
7-Dec-11,4.68,4.77,4.68,4.74,811900
6-Dec-11,4.70,4.70,4.58,4.65,1658046
5-Dec-11,4.95,4.96,4.82,4.85,1542075
2-Dec-11,5.00,5.02,4.92,4.93,3115884
1-Dec-11,4.96,5.08,4.95,5.04,3012339
30-Nov-11,4.66,4.82,4.65,4.82,2876960
29-Nov-11,4.57,4.64,4.47,4.52,2732776
28-Nov-11,4.55,4.60,4.53,4.58,3375337
25-Nov-11,4.11,4.26,4.09,4.23,1488218
23-Nov-11,4.25,4.25,4.01,4.07,2152126
22-Nov-11,4.42,4.47,4.35,4.42,1918223
21-Nov-11,4.34,4.34,4.20,4.28,2418205
18-Nov-11,4.54,4.59,4.42,4.46,2193996
17-Nov-11,4.79,4.80,4.65,4.70,2212911
16-Nov-11,4.80,4.81,4.68,4.70,1134487
15-Nov-11,4.84,4.95,4.82,4.90,3013656
14-Nov-11,4.85,4.89,4.75,4.83,1505315
11-Nov-11,4.82,4.94,4.80,4.92,2290141
10-Nov-11,4.59,4.61,4.48,4.57,1515898
9-Nov-11,4.75,4.75,4.51,4.55,3288139
8-Nov-11,4.95,4.96,4.80,4.88,2272724
7-Nov-11,5.00,5.01,4.90,4.95,1334938
4-Nov-11,4.88,5.08,4.86,5.03,2958351
3-Nov-11,4.71,4.76,4.58,4.76,3090601
2-Nov-11,4.60,4.70,4.59,4.69,4854268
1-Nov-11,4.38,4.43,4.27,4.37,4260610
31-Oct-11,4.38,4.40,4.26,4.28,1756590
28-Oct-11,4.36,4.43,4.30,4.42,2694062
27-Oct-11,4.19,4.32,4.14,4.27,2839566
26-Oct-11,4.09,4.13,3.98,4.04,1804993
25-Oct-11,4.06,4.09,3.92,3.99,2801354
24-Oct-11,4.12,4.20,4.10,4.13,1299320
21-Oct-11,3.96,4.05,3.96,4.03,1606313
20-Oct-11,4.01,4.01,3.78,3.84,1719926
19-Oct-11,4.09,4.09,3.98,4.02,1697002
18-Oct-11,4.05,4.21,4.00,4.12,3438977
17-Oct-11,4.28,4.28,4.11,4.12,1326035
14-Oct-11,4.27,4.32,4.26,4.28,816825
13-Oct-11,4.25,4.28,4.17,4.24,867893
12-Oct-11,4.28,4.32,4.24,4.28,2003549
11-Oct-11,4.19,4.25,4.16,4.24,1111110
10-Oct-11,4.07,4.21,4.07,4.19,2936234
7-Oct-11,4.06,4.10,3.94,4.01,1238462
6-Oct-11,3.99,4.10,3.96,4.07,2001664
5-Oct-11,3.91,3.98,3.86,3.97,1673346
4-Oct-11,3.82,3.94,3.75,3.93,4497172
3-Oct-11,3.96,3.97,3.77,3.77,2166033
30-Sep-11,4.02,4.08,3.90,3.96,1902088
29-Sep-11,4.11,4.21,4.04,4.08,1841956
28-Sep-11,4.15,4.16,4.00,4.02,1217104
27-Sep-11,4.20,4.25,4.13,4.15,2287852
26-Sep-11,4.06,4.09,3.97,4.08,1316738
23-Sep-11,4.10,4.26,4.09,4.20,2055233
22-Sep-11,4.23,4.26,4.06,4.13,1521797
21-Sep-11,4.45,4.53,4.40,4.40,1904127
20-Sep-11,4.32,4.39,4.27,4.35,1589087
19-Sep-11,4.20,4.23,4.15,4.19,1214441
16-Sep-11,4.35,4.38,4.27,4.28,2881608
15-Sep-11,4.29,4.39,4.28,4.34,1118887
14-Sep-11,4.20,4.21,4.06,4.15,2273422
13-Sep-11,4.27,4.27,4.18,4.26,997580
12-Sep-11,4.27,4.35,4.22,4.32,1157131
9-Sep-11,4.33,4.40,4.25,4.27,1267169
8-Sep-11,4.40,4.46,4.34,4.38,1398856
7-Sep-11,4.40,4.45,4.37,4.44,2321417
6-Sep-11,4.39,4.44,4.27,4.34,4044079
2-Sep-11,4.68,4.77,4.65,4.68,2363154
1-Sep-11,4.75,4.82,4.72,4.77,4548109
31-Aug-11,4.67,4.74,4.64,4.70,4004410
30-Aug-11,4.50,4.51,4.39,4.46,1780706
29-Aug-11,4.40,4.62,4.38,4.56,3730160
26-Aug-11,4.11,4.32,4.10,4.24,4694935
25-Aug-11,4.19,4.21,4.05,4.07,3288304
24-Aug-11,4.31,4.31,4.13,4.26,2278790
23-Aug-11,4.24,4.37,4.16,4.37,2989627
22-Aug-11,4.35,4.35,4.13,4.15,2704025
19-Aug-11,4.35,4.40,4.26,4.27,2193278
18-Aug-11,4.49,4.54,4.39,4.41,4160654
17-Aug-11,4.61,4.69,4.53,4.58,1611719
16-Aug-11,4.81,4.81,4.66,4.69,1673592
15-Aug-11,4.81,4.90,4.77,4.88,1701963
12-Aug-11,4.85,4.87,4.65,4.73,1796556
11-Aug-11,4.58,4.91,4.50,4.83,3157486
10-Aug-11,4.47,4.57,4.38,4.38,3444873
9-Aug-11,4.39,4.55,4.27,4.55,2807002
8-Aug-11,4.45,4.52,4.32,4.35,5451421
5-Aug-11,5.01,5.01,4.59,4.75,4627172
4-Aug-11,5.28,5.28,5.02,5.02,3343148
3-Aug-11,5.47,5.52,5.40,5.52,4811102
2-Aug-11,5.34,5.38,5.19,5.21,1845456
1-Aug-11,5.56,5.59,5.39,5.42,3917919
29-Jul-11,5.54,5.56,5.47,5.51,4351571
28-Jul-11,5.90,5.95,5.75,5.78,3066306
27-Jul-11,6.10,6.10,5.90,6.01,4342927
26-Jul-11,6.13,6.22,6.11,6.19,3070530
25-Jul-11,6.12,6.17,6.07,6.14,2459478
22-Jul-11,6.20,6.26,6.12,6.25,2298779
21-Jul-11,6.15,6.29,6.12,6.23,4220307
20-Jul-11,6.13,6.18,6.08,6.08,1916037
19-Jul-11,5.94,6.05,5.91,6.03,1683262
18-Jul-11,5.93,5.93,5.79,5.85,1819344
15-Jul-11,6.02,6.10,6.00,6.09,1639805
14-Jul-11,5.98,6.01,5.89,5.91,2396518
13-Jul-11,5.94,6.06,5.94,5.97,2422590
12-Jul-11,6.08,6.08,5.86,5.88,4550117
11-Jul-11,6.27,6.27,6.14,6.17,1626133
8-Jul-11,6.40,6.40,6.28,6.37,2490214
7-Jul-11,6.49,6.54,6.43,6.48,1932994
6-Jul-11,6.45,6.56,6.44,6.56,2166693
5-Jul-11,6.50,6.50,6.38,6.45,4851619
1-Jul-11,6.88,6.94,6.87,6.91,1631211
30-Jun-11,6.75,6.91,6.75,6.88,1987666
29-Jun-11,6.73,6.77,6.65,6.77,1669230
28-Jun-11,6.76,6.77,6.64,6.74,1512863
27-Jun-11,6.69,6.80,6.63,6.72,3058348
24-Jun-11,6.77,6.79,6.71,6.72,1255787
23-Jun-11,6.75,6.77,6.58,6.75,2667216
22-Jun-11,6.92,6.99,6.89,6.89,3059499
21-Jun-11,6.81,6.91,6.75,6.87,3447131
20-Jun-11,6.80,6.85,6.71,6.75,4313865
17-Jun-11,7.28,7.28,7.05,7.06,4419677
16-Jun-11,7.49,7.50,7.40,7.43,2596371
15-Jun-11,7.64,7.70,7.60,7.63,1748381
14-Jun-11,7.75,7.80,7.75,7.76,1651599
13-Jun-11,7.61,7.73,7.61,7.66,3786499
10-Jun-11,7.75,7.79,7.58,7.60,7426997
9-Jun-11,7.81,7.85,7.76,7.81,4470634
8-Jun-11,7.95,7.95,7.78,7.80,2382795
7-Jun-11,8.01,8.06,7.95,7.98,1713342
6-Jun-11,8.01,8.07,7.97,7.97,2240325
3-Jun-11,8.03,8.12,8.01,8.03,2169739
2-Jun-11,8.07,8.16,7.97,8.12,3774254
1-Jun-11,8.15,8.19,8.08,8.08,2878457
31-May-11,8.17,8.22,8.12,8.15,3426170
27-May-11,7.98,8.05,7.97,8.03,1829277
26-May-11,7.93,8.04,7.91,8.02,2815542
25-May-11,7.90,8.05,7.89,7.93,4653697
24-May-11,7.70,7.89,7.68,7.71,2026017
23-May-11,7.46,7.67,7.45,7.65,6010592
20-May-11,7.60,7.65,7.58,7.62,1494378
19-May-11,7.64,7.67,7.51,7.58,3672052
18-May-11,7.71,7.79,7.63,7.77,4303781
17-May-11,7.56,7.57,7.44,7.49,2229578
16-May-11,7.76,7.79,7.63,7.65,2079276
13-May-11,8.07,8.08,7.85,7.90,4822464
12-May-11,8.06,8.14,7.97,8.10,2020918
11-May-11,8.25,8.27,8.05,8.09,3103123
10-May-11,8.33,8.41,8.33,8.41,1688425
9-May-11,8.26,8.38,8.26,8.36,1740452
6-May-11,8.15,8.24,8.12,8.15,2033964
5-May-11,7.99,8.08,7.97,8.06,2118660
4-May-11,8.06,8.10,8.01,8.05,2484288
3-May-11,8.15,8.17,8.05,8.10,1368225
2-May-11,8.16,8.19,8.10,8.11,2409200
29-Apr-11,8.09,8.12,7.86,8.10,4871976
28-Apr-11,8.50,8.50,8.36,8.37,3475150
27-Apr-11,8.53,8.70,8.47,8.66,2807828
26-Apr-11,8.64,8.78,8.61,8.68,4504869
25-Apr-11,8.61,8.71,8.58,8.64,2177935
21-Apr-11,8.61,8.68,8.54,8.63,2140313
20-Apr-11,8.68,8.70,8.54,8.59,4982550
19-Apr-11,8.50,8.61,8.49,8.60,1307578
18-Apr-11,8.55,8.60,8.28,8.41,3358030
15-Apr-11,8.72,8.78,8.66,8.67,1181006
14-Apr-11,8.71,8.82,8.66,8.80,1410512
13-Apr-11,8.73,8.87,8.73,8.79,1430216
12-Apr-11,8.74,8.74,8.53,8.57,3158306
11-Apr-11,8.93,9.03,8.82,8.82,2093659
8-Apr-11,8.94,8.97,8.83,8.91,2033871
7-Apr-11,8.86,8.95,8.82,8.83,1971680
6-Apr-11,8.87,8.95,8.84,8.94,1849197
5-Apr-11,8.64,8.86,8.64,8.79,1620135
4-Apr-11,8.67,8.70,8.64,8.68,1083543
1-Apr-11,8.65,8.72,8.57,8.67,3189584
31-Mar-11,8.89,9.03,8.76,8.78,5844662
30-Mar-11,8.40,8.44,8.37,8.40,1762720
29-Mar-11,8.42,8.45,8.37,8.43,1518124
28-Mar-11,8.46,8.46,8.35,8.40,1314189
25-Mar-11,8.56,8.56,8.49,8.51,1127299
24-Mar-11,8.53,8.61,8.47,8.58,2605900
23-Mar-11,8.47,8.52,8.40,8.47,1433255
22-Mar-11,8.56,8.56,8.46,8.50,890569
21-Mar-11,8.59,8.66,8.56,8.59,1299735
18-Mar-11,8.59,8.61,8.50,8.55,2173451
17-Mar-11,8.38,8.51,8.38,8.48,2300495
16-Mar-11,8.41,8.45,8.14,8.17,2938340
15-Mar-11,8.34,8.54,8.28,8.49,3607010
14-Mar-11,8.74,9.01,8.72,8.88,4415349
11-Mar-11,8.88,9.04,8.80,8.99,1895736
10-Mar-11,9.02,9.04,8.86,8.88,3189515
9-Mar-11,9.18,9.24,9.10,9.16,1729892
8-Mar-11,9.27,9.28,9.16,9.23,2042691
7-Mar-11,9.25,9.26,8.99,9.00,2531037
4-Mar-11,9.28,9.29,9.14,9.22,1765396
3-Mar-11,9.20,9.32,9.20,9.28,1993041
2-Mar-11,8.93,9.14,8.91,9.06,3320230
1-Mar-11,9.06,9.09,8.96,8.99,2248757
28-Feb-11,8.98,9.06,8.95,8.98,3354918
25-Feb-11,8.93,9.01,8.88,8.98,2654479
24-Feb-11,8.82,8.90,8.73,8.80,2497939
23-Feb-11,8.82,8.82,8.58,8.72,3592062
22-Feb-11,8.92,9.05,8.80,8.86,4922495
18-Feb-11,9.28,9.34,9.24,9.30,5030728
17-Feb-11,9.11,9.55,9.11,9.31,3973817
16-Feb-11,9.21,9.21,9.11,9.14,1671074
15-Feb-11,9.12,9.17,9.01,9.13,2985866
14-Feb-11,9.15,9.20,9.06,9.11,2279471
11-Feb-11,9.13,9.55,9.02,9.20,3217226
10-Feb-11,9.28,9.33,9.16,9.30,4024500
9-Feb-11,9.63,9.66,9.38,9.42,3229989
8-Feb-11,9.90,9.90,9.69,9.80,3307988
7-Feb-11,10.05,10.19,10.01,10.07,2827124
4-Feb-11,9.81,10.03,9.75,10.02,3466047
3-Feb-11,9.75,9.84,9.70,9.79,1134930
2-Feb-11,9.77,9.95,9.77,9.80,2568949
1-Feb-11,9.65,9.86,9.64,9.82,3241940
31-Jan-11,9.69,9.72,9.57,9.60,3519259
28-Jan-11,9.94,9.98,9.54,9.58,3844118
27-Jan-11,9.98,10.06,9.86,9.87,2963767
26-Jan-11,9.95,10.12,9.94,10.00,3569780
25-Jan-11,9.84,9.95,9.79,9.86,1817923
24-Jan-11,9.74,9.87,9.73,9.84,3145664
21-Jan-11,9.87,9.89,9.61,9.62,4926604
20-Jan-11,9.95,9.97,9.78,9.90,2164280
19-Jan-11,10.14,10.20,10.01,10.05,2483982
18-Jan-11,10.06,10.06,9.93,9.96,1661791
14-Jan-11,10.03,10.03,9.96,10.01,1981689
13-Jan-11,10.15,10.15,10.02,10.04,1229816
12-Jan-11,10.08,10.20,10.00,10.10,2237394
11-Jan-11,9.88,9.99,9.88,9.95,3422854
10-Jan-11,9.84,9.87,9.69,9.78,4533386
7-Jan-11,10.10,10.10,9.90,9.96,2315517
6-Jan-11,10.21,10.24,10.08,10.08,2107117
5-Jan-11,10.30,10.42,10.20,10.24,2852049
4-Jan-11,10.42,10.42,10.31,10.37,1106454
3-Jan-11,10.47,10.54,10.41,10.44,1186692
31-Dec-10,10.36,10.43,10.36,10.42,628887
30-Dec-10,10.34,10.47,10.33,10.40,1203827
29-Dec-10,10.28,10.33,10.25,10.26,824602
28-Dec-10,10.30,10.34,10.25,10.30,523425
27-Dec-10,10.22,10.32,10.15,10.28,641677
23-Dec-10,10.28,10.33,10.23,10.28,780662
22-Dec-10,10.20,10.28,10.14,10.23,785482
21-Dec-10,10.33,10.39,10.23,10.24,2185376
20-Dec-10,10.37,10.47,10.25,10.32,1356562
17-Dec-10,10.38,10.44,10.29,10.39,2516660
16-Dec-10,10.36,10.50,10.36,10.48,1867926
15-Dec-10,10.29,10.35,10.22,10.26,2774928
14-Dec-10,10.25,10.28,10.17,10.20,1717390
13-Dec-10,10.22,10.36,10.22,10.27,3488680
10-Dec-10,10.05,10.12,9.98,10.01,2515288
9-Dec-10,9.98,10.11,9.89,10.10,2459040
8-Dec-10,10.21,10.28,10.07,10.16,2103837
7-Dec-10,10.22,10.25,10.14,10.16,1491831
6-Dec-10,10.05,10.21,10.05,10.19,2338393
3-Dec-10,9.98,10.08,9.90,10.05,2844000
2-Dec-10,10.00,10.17,9.93,10.12,2453505
1-Dec-10,10.18,10.18,9.95,10.08,2691394
30-Nov-10,9.91,10.02,9.87,9.94,2708403
29-Nov-10,10.18,10.19,9.94,9.99,2625448
26-Nov-10,9.97,10.00,9.82,9.86,1261587
24-Nov-10,9.89,10.08,9.86,10.05,1571154
23-Nov-10,9.86,9.92,9.75,9.86,1831574
22-Nov-10,9.82,9.93,9.80,9.84,2856613
19-Nov-10,9.63,9.72,9.57,9.68,1940854
18-Nov-10,9.56,9.66,9.52,9.61,2325359
17-Nov-10,9.46,9.58,9.42,9.49,3173381
16-Nov-10,9.56,9.59,9.42,9.46,2368206
15-Nov-10,9.71,9.73,9.62,9.64,1277736
12-Nov-10,9.87,9.93,9.70,9.77,3406504
11-Nov-10,9.98,10.04,9.89,10.03,1643981
10-Nov-10,10.15,10.15,10.00,10.06,2008442
9-Nov-10,10.23,10.36,10.15,10.19,2303869
8-Nov-10,10.20,10.24,10.07,10.16,2447283
5-Nov-10,10.44,10.44,10.34,10.39,1336044
4-Nov-10,10.38,10.48,10.33,10.42,1872234
3-Nov-10,10.13,10.20,9.97,10.17,2317898
2-Nov-10,10.10,10.18,10.06,10.12,1264834
1-Nov-10,10.06,10.13,10.03,10.03,1659478
29-Oct-10,9.97,10.05,9.89,10.03,1137044
28-Oct-10,10.04,10.20,10.03,10.06,2842243
27-Oct-10,9.75,9.90,9.67,9.85,3720376
26-Oct-10,9.88,10.03,9.83,9.99,2932725
25-Oct-10,9.80,9.92,9.79,9.83,1386708
22-Oct-10,9.62,9.64,9.53,9.58,968774
21-Oct-10,9.60,9.63,9.45,9.61,3575315
20-Oct-10,9.68,9.70,9.59,9.64,5404109
19-Oct-10,9.82,9.83,9.54,9.68,4392043
18-Oct-10,9.95,9.97,9.86,9.96,2509306
15-Oct-10,10.11,10.17,9.90,10.04,2837069
14-Oct-10,9.95,10.14,9.88,10.05,3118704
13-Oct-10,9.78,9.98,9.78,9.91,2701854
12-Oct-10,9.67,9.78,9.56,9.71,1932483
11-Oct-10,9.90,9.90,9.77,9.80,1695494
8-Oct-10,9.85,9.93,9.81,9.90,3754551
7-Oct-10,9.97,10.10,9.83,9.90,9438473
6-Oct-10,10.46,10.52,10.32,10.42,1559826
5-Oct-10,10.33,10.47,10.24,10.46,1697272
4-Oct-10,10.30,10.36,10.22,10.30,1260933
1-Oct-10,10.61,10.65,10.52,10.57,1581823
30-Sep-10,10.51,10.54,10.34,10.46,2478457
29-Sep-10,10.38,10.87,10.37,10.67,5883208
28-Sep-10,9.91,10.01,9.84,9.97,2619741
27-Sep-10,9.78,9.89,9.73,9.83,3958403
24-Sep-10,9.83,9.88,9.74,9.86,1927932
23-Sep-10,9.67,9.86,9.66,9.75,1686870
22-Sep-10,9.66,9.71,9.60,9.65,867426
21-Sep-10,9.76,9.77,9.57,9.60,1252361
20-Sep-10,9.68,9.74,9.56,9.74,858157
17-Sep-10,9.71,9.71,9.57,9.59,978440
16-Sep-10,9.68,9.72,9.58,9.70,1228485
15-Sep-10,9.69,9.80,9.60,9.79,1995404
14-Sep-10,9.56,9.78,9.50,9.71,2305239
13-Sep-10,9.60,9.74,9.60,9.66,1055748
10-Sep-10,9.54,9.58,9.47,9.50,1288462
9-Sep-10,9.54,9.61,9.45,9.53,3177664
8-Sep-10,8.88,9.15,8.77,9.14,1683382
7-Sep-10,9.05,9.17,9.04,9.07,1735670
6-Sep-10,-,-,-,9.30,0
3-Sep-10,9.15,9.32,9.14,9.30,1274619
2-Sep-10,8.81,8.90,8.76,8.85,2324517
1-Sep-10,8.69,8.81,8.64,8.78,1470957
31-Aug-10,8.58,8.66,8.54,8.61,1528448
30-Aug-10,8.73,8.78,8.67,8.68,958365
27-Aug-10,8.71,8.85,8.61,8.81,1543326
26-Aug-10,8.59,8.73,8.54,8.58,1329535
25-Aug-10,8.60,8.60,8.38,8.58,2281564
24-Aug-10,8.74,8.83,8.51,8.78,3091518
23-Aug-10,9.00,9.00,8.78,8.82,2914458
20-Aug-10,8.96,9.05,8.88,9.02,1582572
19-Aug-10,9.07,9.10,8.99,9.02,1214743
18-Aug-10,9.08,9.15,9.00,9.02,2066746
17-Aug-10,9.25,9.26,9.06,9.08,1753243
16-Aug-10,9.08,9.22,9.07,9.21,925568
13-Aug-10,9.15,9.25,9.09,9.18,1643586
12-Aug-10,9.19,9.24,9.13,9.18,1425565
11-Aug-10,9.41,9.41,9.25,9.28,2495393
10-Aug-10,9.52,9.57,9.36,9.47,2261920
9-Aug-10,9.64,9.77,9.64,9.75,1731747
6-Aug-10,9.39,9.51,9.38,9.45,2566133
5-Aug-10,9.46,9.50,9.31,9.37,2407494
4-Aug-10,9.62,9.64,9.40,9.47,2712310
3-Aug-10,9.68,9.80,9.63,9.64,2107880
2-Aug-10,9.67,9.81,9.62,9.78,1502624
30-Jul-10,9.44,9.54,9.30,9.50,1716033
29-Jul-10,9.75,9.78,9.46,9.53,2587314
28-Jul-10,9.75,9.83,9.68,9.75,3443119
27-Jul-10,9.67,9.76,9.58,9.66,2125052
26-Jul-10,9.53,9.80,9.53,9.76,2991863
23-Jul-10,9.30,9.52,9.29,9.49,2295369
22-Jul-10,9.22,9.38,9.18,9.34,3628679
21-Jul-10,9.34,9.35,9.08,9.13,2601546
20-Jul-10,9.11,9.45,9.10,9.40,2262742
19-Jul-10,9.14,9.26,9.14,9.18,1382061
16-Jul-10,9.33,9.35,9.12,9.14,3214695
15-Jul-10,9.60,9.60,9.29,9.43,3422819
14-Jul-10,9.66,9.76,9.65,9.71,1486272
13-Jul-10,9.69,9.74,9.61,9.67,1480636
12-Jul-10,9.73,9.87,9.69,9.75,3395648
9-Jul-10,9.62,9.73,9.52,9.69,1657223
8-Jul-10,9.50,9.64,9.48,9.56,3078637
7-Jul-10,9.11,9.36,9.02,9.34,1786267
6-Jul-10,9.23,9.34,9.03,9.10,4122478
5-Jul-10,-,-,-,8.80,0
2-Jul-10,8.86,8.99,8.77,8.80,2174932
1-Jul-10,8.86,8.95,8.68,8.83,2190084
30-Jun-10,9.02,9.12,8.86,8.88,2038526
29-Jun-10,9.14,9.14,8.93,8.98,4301858
28-Jun-10,9.47,9.47,9.33,9.33,4131942
25-Jun-10,9.47,9.51,9.30,9.47,2462546
24-Jun-10,9.41,9.51,9.33,9.39,2568502
23-Jun-10,9.54,9.56,9.31,9.44,3013875
22-Jun-10,9.70,9.70,9.47,9.50,3588786
21-Jun-10,9.72,9.88,9.59,9.68,3911062
18-Jun-10,9.75,9.75,9.42,9.50,3645126
17-Jun-10,9.81,9.95,9.66,9.75,4353941
16-Jun-10,10.02,10.08,9.98,10.02,3506936
15-Jun-10,9.63,10.15,9.58,10.12,6125752
14-Jun-10,9.60,9.74,9.47,9.51,2237833
11-Jun-10,9.24,9.55,9.24,9.50,2130972
10-Jun-10,9.23,9.40,9.12,9.39,4242650
9-Jun-10,8.92,9.12,8.89,8.93,3951537
8-Jun-10,9.08,9.08,8.71,8.89,6587585
7-Jun-10,9.22,9.26,9.00,9.01,3892994
4-Jun-10,9.29,9.47,9.15,9.21,4311019
3-Jun-10,9.68,9.68,9.48,9.65,2709580
2-Jun-10,9.45,9.47,9.26,9.47,2664597
1-Jun-10,9.57,9.66,9.43,9.48,4699179
31-May-10,-,-,-,9.72,0
28-May-10,9.82,9.82,9.56,9.72,2917207
27-May-10,9.60,9.76,9.54,9.75,3644358
26-May-10,9.35,9.45,9.22,9.25,5163561
25-May-10,9.24,9.32,9.04,9.27,10333797
24-May-10,9.57,9.77,9.55,9.56,2672078
21-May-10,9.24,9.70,9.24,9.56,3876166
20-May-10,9.44,9.66,9.25,9.37,5999692
19-May-10,9.78,9.78,9.50,9.65,5964568
18-May-10,10.15,10.15,9.83,9.85,6499782
17-May-10,10.40,10.48,10.15,10.36,3791655
14-May-10,10.62,10.74,10.38,10.55,5536255
13-May-10,10.67,10.90,10.61,10.71,2689516
12-May-10,10.59,10.67,10.50,10.62,2897212
11-May-10,10.65,10.79,10.40,10.65,3165467
10-May-10,11.20,11.20,10.97,11.09,4335586
7-May-10,10.48,10.91,10.36,10.70,7524275
6-May-10,10.70,10.76,10.01,10.40,5078369
5-May-10,11.15,11.15,10.84,11.01,3613176
4-May-10,11.60,11.65,11.30,11.34,2876667
3-May-10,11.72,11.94,11.72,11.89,1580451
30-Apr-10,11.87,11.87,11.52,11.59,2303788
29-Apr-10,11.94,12.10,11.91,12.00,1766641
28-Apr-10,11.84,11.85,11.68,11.74,2834281
27-Apr-10,11.86,12.05,11.70,11.74,3210539
26-Apr-10,12.20,12.20,12.06,12.09,2206641
23-Apr-10,12.33,12.33,12.11,12.20,3986665
22-Apr-10,11.66,12.55,11.65,12.51,11502644
21-Apr-10,11.46,11.74,11.30,11.71,5887785
20-Apr-10,11.20,11.23,11.11,11.23,3143981
19-Apr-10,11.06,11.19,11.01,11.08,3948209
16-Apr-10,11.24,11.30,11.11,11.22,3025044
15-Apr-10,11.40,11.48,11.35,11.38,1681767
14-Apr-10,11.46,11.56,11.34,11.50,3233744
13-Apr-10,11.46,11.48,11.22,11.40,2289842
12-Apr-10,11.45,11.59,11.42,11.58,2497497
9-Apr-10,11.35,11.47,11.30,11.47,2361235
8-Apr-10,11.45,11.47,11.19,11.29,7319182
7-Apr-10,11.59,11.64,11.48,11.57,1934133
6-Apr-10,11.85,11.91,11.64,11.66,1894610
5-Apr-10,11.77,11.99,11.75,11.97,3347657
2-Apr-10,-,-,-,11.65,0
1-Apr-10,11.37,11.66,11.37,11.65,3026452
31-Mar-10,11.34,11.40,11.21,11.33,1343596
30-Mar-10,11.42,11.43,11.18,11.33,1431336
29-Mar-10,11.24,11.42,11.24,11.38,1510603
26-Mar-10,11.20,11.34,11.19,11.31,2206750
25-Mar-10,11.30,11.46,11.27,11.30,3305549
24-Mar-10,11.47,11.47,11.22,11.23,1582273
23-Mar-10,11.46,11.62,11.34,11.60,2773632
22-Mar-10,11.41,11.55,11.34,11.50,3752729
19-Mar-10,11.64,11.70,11.52,11.53,4078709
18-Mar-10,11.69,11.69,11.49,11.65,3145512
17-Mar-10,11.56,11.96,11.56,11.75,4856805
16-Mar-10,11.10,11.47,11.10,11.47,4848355
15-Mar-10,10.95,11.07,10.87,10.94,1809102
12-Mar-10,10.93,11.10,10.93,11.03,2417760
11-Mar-10,10.95,10.95,10.80,10.93,1847040
10-Mar-10,11.09,11.19,10.92,11.05,1635832
9-Mar-10,11.09,11.17,11.08,11.14,1325768
8-Mar-10,10.92,11.18,10.90,11.13,2801219
5-Mar-10,10.56,10.83,10.56,10.82,1807956
4-Mar-10,10.65,10.68,10.35,10.41,2001573
3-Mar-10,10.62,10.72,10.58,10.65,2638153
2-Mar-10,10.65,10.77,10.61,10.65,2336027
1-Mar-10,10.63,10.72,10.40,10.70,2388204
26-Feb-10,10.29,10.40,10.22,10.37,2724747
25-Feb-10,10.41,10.41,10.03,10.24,5845816
24-Feb-10,10.73,10.81,10.39,10.62,3248860
23-Feb-10,10.61,10.65,10.37,10.42,6982110
22-Feb-10,11.23,11.25,10.91,11.00,3463763
19-Feb-10,11.46,11.58,11.27,11.50,3100645
18-Feb-10,11.51,11.55,11.41,11.51,1278876
17-Feb-10,11.46,11.61,11.44,11.54,1239727
16-Feb-10,11.39,11.42,11.33,11.36,1028714
15-Feb-10,-,-,-,11.24,0
12-Feb-10,11.29,11.32,11.01,11.24,2239153
11-Feb-10,11.17,11.38,11.01,11.35,2143077
10-Feb-10,11.30,11.30,10.98,11.17,1413193
9-Feb-10,11.36,11.46,11.09,11.23,4526716
8-Feb-10,10.88,11.24,10.70,10.83,2586330
5-Feb-10,10.69,10.69,10.29,10.54,2660085
4-Feb-10,11.03,11.03,10.63,10.64,3324590
3-Feb-10,11.03,11.21,11.00,11.14,2935983
2-Feb-10,10.96,11.04,10.80,11.00,2698633
1-Feb-10,10.81,10.99,10.81,10.99,4447398
29-Jan-10,11.26,11.32,10.88,10.94,5079188
28-Jan-10,11.81,11.85,11.57,11.66,3838223
27-Jan-10,11.55,11.56,11.35,11.54,1970783
26-Jan-10,11.68,11.68,11.41,11.47,3859427
25-Jan-10,11.80,12.10,11.80,11.92,3683319
22-Jan-10,11.85,11.96,11.69,11.69,3321853
21-Jan-10,11.98,12.10,11.78,11.83,4104850
20-Jan-10,12.19,12.25,12.01,12.15,3805794
19-Jan-10,12.44,12.44,12.12,12.34,5618406
18-Jan-10,-,-,-,12.57,0
15-Jan-10,12.80,12.88,12.49,12.57,5787219
14-Jan-10,12.74,12.88,12.72,12.79,3708614
13-Jan-10,12.59,12.70,12.48,12.57,3857680
12-Jan-10,12.80,13.04,12.78,12.84,2339014
11-Jan-10,13.07,13.17,12.96,13.06,3820578
8-Jan-10,13.07,13.30,12.96,13.25,3068920
7-Jan-10,12.95,13.19,12.86,13.12,3315976
6-Jan-10,13.14,13.26,13.05,13.19,4198501
5-Jan-10,12.60,12.80,12.60,12.78,6567904
4-Jan-10,12.43,12.91,12.43,12.88,3935580
1-Jan-10,-,-,-,11.99,0
31-Dec-09,11.97,12.07,11.91,11.99,1730301
30-Dec-09,11.91,11.97,11.86,11.91,1356007
29-Dec-09,11.83,11.89,11.79,11.87,1088617
28-Dec-09,11.87,11.99,11.84,11.90,1715472
25-Dec-09,-,-,-,11.81,0
24-Dec-09,11.79,11.88,11.53,11.81,278298
23-Dec-09,11.73,11.82,11.72,11.76,1956287
22-Dec-09,11.77,11.88,11.74,11.88,2294793
21-Dec-09,11.59,11.77,11.51,11.67,3381655
18-Dec-09,10.99,11.28,10.99,11.28,5086611
17-Dec-09,10.84,10.96,10.77,10.81,3919280
16-Dec-09,10.83,10.85,10.70,10.81,3904711
15-Dec-09,11.01,11.06,10.90,10.92,1219925
14-Dec-09,11.07,11.19,11.04,11.15,1755799
11-Dec-09,11.06,11.16,11.01,11.12,2878501
10-Dec-09,10.66,11.02,10.66,10.90,4348501
9-Dec-09,10.93,10.95,10.82,10.94,1833326
8-Dec-09,10.73,10.94,10.68,10.91,3404947
7-Dec-09,10.85,11.09,10.85,11.00,3529715
4-Dec-09,10.77,10.90,10.62,10.74,3666091
3-Dec-09,10.85,10.89,10.65,10.68,4072628
2-Dec-09,10.78,10.99,10.78,10.94,5156660
1-Dec-09,10.67,11.03,10.67,10.94,7363729
30-Nov-09,10.41,10.58,10.34,10.45,4842976
27-Nov-09,10.11,10.52,10.11,10.41,3389414
26-Nov-09,-,-,-,10.24,0
25-Nov-09,10.05,10.38,10.04,10.24,2413633
24-Nov-09,9.78,9.96,9.65,9.89,2340405
23-Nov-09,9.89,10.02,9.89,9.92,1960921
20-Nov-09,9.65,9.91,9.65,9.84,2119574
19-Nov-09,9.70,9.74,9.58,9.65,2470610
18-Nov-09,9.99,9.99,9.78,9.85,3185372
17-Nov-09,10.07,10.12,9.98,10.04,2898848
16-Nov-09,9.97,10.34,9.97,10.27,5665880
13-Nov-09,9.73,9.99,9.71,9.93,3463797
12-Nov-09,9.66,9.75,9.55,9.65,4395581
11-Nov-09,9.66,9.74,9.63,9.72,2547203
10-Nov-09,9.43,9.59,9.43,9.57,2009901
9-Nov-09,9.24,9.36,9.21,9.36,5318637
6-Nov-09,9.14,9.25,9.02,9.15,3171483
5-Nov-09,9.26,9.36,9.19,9.31,3234085
4-Nov-09,9.11,9.33,9.10,9.21,6339103
3-Nov-09,8.84,8.90,8.71,8.87,4849673
2-Nov-09,8.82,8.88,8.68,8.79,5000584
30-Oct-09,9.04,9.06,8.75,8.83,6908868
29-Oct-09,9.08,9.16,8.99,9.12,6123475
28-Oct-09,9.20,9.20,8.89,8.93,8294573
27-Oct-09,9.48,9.54,9.19,9.20,5482798
26-Oct-09,9.66,9.67,9.45,9.47,5912933
23-Oct-09,9.76,9.83,9.58,9.61,3538445
22-Oct-09,9.60,9.73,9.51,9.59,4585860
21-Oct-09,9.84,9.99,9.79,9.82,4133033
20-Oct-09,10.18,10.18,9.96,10.01,3223213
19-Oct-09,10.07,10.20,9.94,10.07,6863717
16-Oct-09,9.87,9.96,9.76,9.88,5203428
15-Oct-09,10.26,10.26,9.81,9.94,10531494
14-Oct-09,10.15,10.45,9.98,10.35,10377018
13-Oct-09,10.09,10.14,9.93,10.00,6190178
12-Oct-09,9.99,10.15,9.94,10.06,2587531
9-Oct-09,9.80,10.04,9.77,10.02,3302859
8-Oct-09,9.87,10.05,9.71,9.92,5234747
7-Oct-09,9.91,9.99,9.82,9.96,5804071
6-Oct-09,9.84,9.97,9.68,9.83,6482961
5-Oct-09,9.42,9.66,9.42,9.60,4790066
2-Oct-09,9.37,9.50,9.32,9.45,6801981
1-Oct-09,9.63,9.71,9.41,9.44,5082676
30-Sep-09,9.70,9.80,9.55,9.68,3417831
29-Sep-09,9.69,9.82,9.55,9.78,7761592
28-Sep-09,9.40,9.61,9.40,9.48,5322053
25-Sep-09,9.54,9.68,9.44,9.54,6060188
24-Sep-09,9.88,9.90,9.60,9.72,4405646
23-Sep-09,10.10,10.12,9.88,9.94,4208075
22-Sep-09,10.05,10.15,10.01,10.10,3208263
21-Sep-09,9.88,10.02,9.83,9.97,3083273
18-Sep-09,9.87,10.11,9.86,9.89,6713305
17-Sep-09,9.79,9.83,9.66,9.76,4071920
16-Sep-09,9.71,9.81,9.65,9.78,4023347
15-Sep-09,9.64,9.68,9.51,9.66,5856319
14-Sep-09,9.59,9.59,9.41,9.55,11996536
11-Sep-09,10.14,10.14,9.81,9.89,7718987
10-Sep-09,10.29,10.32,10.17,10.27,3543167
9-Sep-09,10.20,10.29,10.15,10.29,4709663
8-Sep-09,10.32,10.47,10.18,10.28,4456548
4-Sep-09,10.17,10.17,9.96,10.11,3956018
3-Sep-09,10.05,10.06,9.89,10.03,8744548
2-Sep-09,9.71,9.91,9.67,9.83,5649902
1-Sep-09,10.03,10.05,9.62,9.68,13161220
31-Aug-09,9.99,10.02,9.79,9.86,5625414
28-Aug-09,10.03,10.13,9.93,9.99,2459139
27-Aug-09,9.81,9.92,9.65,9.84,2864393
26-Aug-09,10.04,10.15,9.67,9.81,6754337
25-Aug-09,10.29,10.29,10.04,10.12,2749298
24-Aug-09,10.25,10.34,10.13,10.19,2826161
21-Aug-09,10.28,10.30,10.07,10.22,4351344
20-Aug-09,10.25,10.41,10.01,10.37,3856705
19-Aug-09,10.27,10.29,10.13,10.29,2414680
18-Aug-09,10.36,10.41,10.23,10.34,1561142
17-Aug-09,10.42,10.49,10.31,10.36,2344059
14-Aug-09,10.89,10.91,10.47,10.58,4025506
13-Aug-09,10.73,10.92,10.57,10.88,4814692
12-Aug-09,10.45,10.70,10.41,10.58,5243904
11-Aug-09,10.55,10.55,10.11,10.24,3807551
10-Aug-09,10.43,10.49,10.18,10.30,3203421
7-Aug-09,10.45,10.68,10.35,10.62,2986268
6-Aug-09,10.65,10.81,10.32,10.34,4264546
5-Aug-09,10.96,10.98,10.55,10.62,6352345
4-Aug-09,11.30,11.30,11.00,11.14,3600489
3-Aug-09,11.43,11.50,11.27,11.42,2107075
31-Jul-09,11.15,11.25,11.05,11.14,2332819
30-Jul-09,11.43,11.48,11.12,11.19,2834302
29-Jul-09,11.15,11.19,11.04,11.12,2164659
28-Jul-09,11.18,11.29,11.04,11.19,3108473
27-Jul-09,11.30,11.30,11.00,11.09,3733264
24-Jul-09,11.32,11.40,11.05,11.24,4925286
23-Jul-09,11.85,12.02,11.67,11.97,4778942
22-Jul-09,11.59,12.05,11.32,11.78,4954312
21-Jul-09,12.01,12.09,11.80,11.96,2157279
20-Jul-09,11.72,12.20,11.72,12.12,2865589
17-Jul-09,11.58,11.80,11.50,11.72,2880175
16-Jul-09,11.69,11.75,11.43,11.70,4599691
15-Jul-09,11.60,11.95,11.53,11.71,3847339
14-Jul-09,11.20,11.47,11.20,11.47,3610765
13-Jul-09,10.65,10.88,10.50,10.88,3635935
10-Jul-09,10.91,11.04,10.77,10.89,2661626
9-Jul-09,10.80,11.06,10.73,10.97,5530322
8-Jul-09,10.45,10.50,10.14,10.33,4561251
7-Jul-09,10.25,10.54,10.23,10.33,4843688
6-Jul-09,10.07,10.17,9.93,10.14,4601482
3-Jul-09,-,-,-,10.02,0
2-Jul-09,10.03,10.17,9.91,10.02,5161743
1-Jul-09,9.97,10.07,9.90,10.04,4247939
30-Jun-09,9.65,9.84,9.58,9.68,2937977
29-Jun-09,9.77,9.79,9.55,9.65,3450218
26-Jun-09,9.80,9.91,9.71,9.83,2989108
25-Jun-09,9.76,10.12,9.57,10.10,3734161
24-Jun-09,9.99,10.06,9.79,9.84,3263087
23-Jun-09,9.72,9.74,9.53,9.67,2376893
22-Jun-09,9.72,9.84,9.52,9.58,3890219
19-Jun-09,9.70,9.79,9.55,9.63,2065328
18-Jun-09,9.72,9.82,9.46,9.59,2857522
17-Jun-09,9.64,9.90,9.61,9.76,4487839
16-Jun-09,9.89,9.89,9.58,9.62,2988537
15-Jun-09,10.06,10.20,9.91,9.95,3080254
12-Jun-09,10.72,10.72,10.30,10.48,2520866
11-Jun-09,10.89,11.18,10.86,11.06,3062706
10-Jun-09,11.03,11.03,10.69,10.85,2950254
9-Jun-09,10.73,10.90,10.57,10.84,2966279
8-Jun-09,10.82,10.82,10.51,10.70,1733019
5-Jun-09,10.54,10.99,10.54,10.79,4226330
4-Jun-09,10.48,10.65,10.40,10.57,3491967
3-Jun-09,10.65,10.66,10.29,10.41,3829082
2-Jun-09,10.58,10.84,10.53,10.63,2262987
1-Jun-09,10.38,10.92,10.38,10.82,3758320
29-May-09,10.57,10.57,10.26,10.39,2781907
28-May-09,10.23,10.50,10.19,10.36,2275124
27-May-09,10.38,10.62,10.07,10.11,4336912
26-May-09,10.05,10.32,9.98,10.32,4105145
25-May-09,-,-,-,10.64,0
22-May-09,10.89,10.89,10.58,10.64,4502639
21-May-09,11.24,11.24,10.78,10.92,3999999
20-May-09,10.82,11.41,10.82,11.25,7569756
19-May-09,10.67,10.83,10.44,10.69,3939999
18-May-09,10.48,10.77,10.39,10.75,2514152
15-May-09,10.52,10.81,10.48,10.52,2808012
14-May-09,10.16,10.40,10.12,10.29,5196955
13-May-09,10.64,10.64,10.24,10.27,4755105
12-May-09,10.83,10.96,10.42,10.48,4096876
11-May-09,10.86,11.22,10.67,10.96,4987343
8-May-09,11.11,11.36,10.94,11.36,4795012
7-May-09,11.50,11.50,10.74,10.86,4937840
6-May-09,11.51,11.68,11.43,11.57,2977839
5-May-09,11.50,11.56,11.26,11.36,4922540
4-May-09,11.42,12.00,11.42,12.00,4362288
1-May-09,11.00,11.10,10.80,11.07,3595168
30-Apr-09,10.71,11.08,10.70,10.85,4135350
29-Apr-09,9.85,10.39,9.83,10.36,6638541
28-Apr-09,9.50,9.64,9.37,9.52,3296907
27-Apr-09,10.02,10.02,9.74,9.78,4365342
24-Apr-09,10.55,10.70,10.25,10.57,5968496
23-Apr-09,10.67,10.80,10.47,10.65,4942525
22-Apr-09,10.28,10.62,10.09,10.38,6172497
21-Apr-09,10.24,10.64,10.06,10.50,6746910
20-Apr-09,9.92,9.92,9.40,9.46,5830625
17-Apr-09,9.67,9.82,9.49,9.69,4743980
16-Apr-09,9.68,10.01,9.61,9.96,3857101
15-Apr-09,9.40,9.58,9.32,9.53,2477237
14-Apr-09,9.78,9.91,9.66,9.77,2292898
13-Apr-09,9.69,9.97,9.66,9.87,4357270
10-Apr-09,-,-,-,9.38,0
9-Apr-09,9.10,9.44,9.10,9.38,3683155
8-Apr-09,8.80,8.84,8.55,8.78,3158664
7-Apr-09,9.04,9.05,8.85,8.97,4102273
6-Apr-09,9.00,9.22,8.97,9.18,3040639
3-Apr-09,8.90,9.00,8.54,8.96,3756235
2-Apr-09,8.93,9.36,8.93,9.27,4161764
1-Apr-09,8.28,8.70,8.28,8.66,3585009
31-Mar-09,8.32,8.52,8.25,8.39,3107095
30-Mar-09,8.52,8.53,8.22,8.42,2424758
27-Mar-09,8.86,9.03,8.75,8.91,4176938
26-Mar-09,8.80,9.03,8.66,9.01,4959662
25-Mar-09,8.65,8.81,8.38,8.64,3605537
24-Mar-09,8.37,8.57,8.27,8.35,5837510
23-Mar-09,8.29,8.79,8.29,8.79,4215677
20-Mar-09,8.22,8.25,7.91,7.96,3042182
19-Mar-09,8.60,8.64,8.15,8.31,4796497
18-Mar-09,8.12,8.50,8.08,8.44,4357685
17-Mar-09,7.98,8.15,7.81,8.10,2371787
16-Mar-09,7.94,8.10,7.80,7.94,3558824
13-Mar-09,7.85,7.88,7.66,7.85,2695106
12-Mar-09,7.38,7.58,7.25,7.53,2523571
11-Mar-09,7.25,7.45,7.09,7.35,3203933
10-Mar-09,7.38,7.68,7.27,7.67,3336010
9-Mar-09,7.35,7.51,7.22,7.27,2380898
6-Mar-09,7.41,7.55,7.23,7.45,2696474
5-Mar-09,7.28,7.44,7.23,7.26,3388913
4-Mar-09,7.16,7.55,7.16,7.47,3953662
3-Mar-09,7.00,7.12,6.95,6.97,4284811
2-Mar-09,6.89,6.97,6.60,6.66,4444073
27-Feb-09,7.27,7.33,7.12,7.19,4975477
26-Feb-09,7.27,7.53,7.16,7.22,2727019
25-Feb-09,7.40,7.54,7.26,7.42,2689404
24-Feb-09,7.26,7.49,7.20,7.42,3991809
23-Feb-09,7.24,7.32,6.93,6.96,3156541
20-Feb-09,7.30,7.40,7.09,7.24,3634778
19-Feb-09,7.75,7.84,7.53,7.57,4098457
18-Feb-09,7.29,7.58,7.29,7.51,3010538
17-Feb-09,7.61,7.64,7.43,7.45,2921146
13-Feb-09,7.97,8.12,7.90,8.01,4647194
12-Feb-09,7.65,7.84,7.61,7.80,6682568
11-Feb-09,8.05,8.08,7.86,8.02,2829415
10-Feb-09,8.18,8.40,7.90,7.96,3585473
9-Feb-09,8.57,8.57,8.26,8.40,2639711
6-Feb-09,7.91,8.54,7.91,8.47,3858366
5-Feb-09,7.48,7.82,7.45,7.71,2973096
4-Feb-09,7.52,7.88,7.50,7.70,3268956
3-Feb-09,7.29,7.50,7.24,7.45,2681722
2-Feb-09,7.02,7.05,6.78,7.01,3269552
30-Jan-09,7.33,7.55,7.05,7.08,2706638
29-Jan-09,7.19,7.46,7.10,7.33,2021379
28-Jan-09,7.30,7.66,7.25,7.61,2541192
27-Jan-09,6.99,7.21,6.91,7.12,2583785
26-Jan-09,6.91,7.33,6.86,6.98,1805307
23-Jan-09,6.72,7.13,6.65,7.02,3725423
22-Jan-09,6.88,7.03,6.50,6.83,4142405
21-Jan-09,6.99,7.07,6.78,7.01,4514869
20-Jan-09,7.08,7.17,6.84,6.84,4246633
16-Jan-09,7.50,7.51,7.27,7.42,3096605
15-Jan-09,7.12,7.37,6.97,7.20,3495101
14-Jan-09,7.46,7.46,7.21,7.26,3003348
13-Jan-09,7.23,7.51,7.14,7.38,2835924
12-Jan-09,7.25,7.32,7.00,7.06,2715879
9-Jan-09,7.65,7.87,7.55,7.74,2717706
8-Jan-09,7.51,7.80,7.50,7.75,3280720
7-Jan-09,8.10,8.29,7.99,8.06,4196200
6-Jan-09,8.30,8.70,8.30,8.60,6677851
5-Jan-09,8.04,8.35,8.04,8.22,3128255
2-Jan-09,7.70,8.22,7.70,8.05,4531932
1-Jan-09,-,-,-,7.68,0
31-Dec-08,7.38,7.77,7.38,7.68,2010728
30-Dec-08,7.04,7.42,7.04,7.36,2124870
29-Dec-08,6.61,6.78,6.61,6.76,872473
26-Dec-08,6.75,6.91,6.72,6.88,651356
25-Dec-08,-,-,-,6.70,0
24-Dec-08,6.70,6.75,6.64,6.70,588708
23-Dec-08,6.67,6.69,6.50,6.69,2505587
22-Dec-08,7.12,7.14,6.71,6.79,3328046
19-Dec-08,7.24,7.34,7.07,7.19,2168749
18-Dec-08,7.39,7.41,7.22,7.31,2803818
17-Dec-08,7.52,7.52,7.27,7.39,2551078
16-Dec-08,7.24,7.68,7.17,7.67,2436536
15-Dec-08,7.19,7.30,7.04,7.10,1369670
12-Dec-08,6.62,7.39,6.62,7.31,3643210
11-Dec-08,7.19,7.46,7.06,7.18,5666325
10-Dec-08,6.81,7.24,6.81,7.19,5045719
9-Dec-08,6.40,6.81,6.27,6.58,6126013
8-Dec-08,6.22,6.65,6.22,6.48,6611880
5-Dec-08,5.80,5.88,5.70,5.85,4776290
4-Dec-08,5.69,6.09,5.52,5.86,3720434
3-Dec-08,5.74,6.11,5.61,5.98,3594846
2-Dec-08,5.85,6.16,5.75,6.07,2994569
1-Dec-08,6.00,6.04,5.78,5.83,2865716
28-Nov-08,5.98,6.17,5.97,6.04,1373811
27-Nov-08,-,-,-,6.16,0
26-Nov-08,5.78,6.17,5.76,6.16,3374381
25-Nov-08,6.15,6.15,5.61,5.73,4212948
24-Nov-08,5.92,6.34,5.82,6.17,4492440
21-Nov-08,5.67,5.99,5.46,5.97,6509876
20-Nov-08,5.27,5.52,4.97,5.02,8486010
19-Nov-08,5.64,5.80,5.42,5.45,5470571
18-Nov-08,5.50,5.59,5.16,5.39,3662993
17-Nov-08,5.70,5.74,5.52,5.60,2478891
14-Nov-08,6.15,6.27,5.78,5.83,4546453
13-Nov-08,5.99,6.41,5.46,6.39,6255965
12-Nov-08,6.47,6.58,5.92,5.98,4651175
11-Nov-08,6.43,6.53,6.17,6.30,1830463
10-Nov-08,6.81,6.89,6.59,6.66,1981024
7-Nov-08,6.60,6.84,6.46,6.77,2352144
6-Nov-08,6.84,6.87,6.21,6.28,2954116
5-Nov-08,7.42,7.45,7.00,7.05,3491691
4-Nov-08,7.30,7.69,7.25,7.57,2986869
3-Nov-08,7.11,7.42,7.05,7.20,3889040
31-Oct-08,6.78,7.08,6.75,6.90,2854815
30-Oct-08,6.84,6.96,6.48,6.81,3901198
29-Oct-08,6.81,6.81,6.20,6.40,4555652
28-Oct-08,6.61,7.42,6.58,7.39,3634451
27-Oct-08,6.47,6.77,6.42,6.48,2242133
24-Oct-08,6.60,7.00,6.39,6.66,2401977
23-Oct-08,7.29,7.41,6.70,7.11,3698821
22-Oct-08,7.93,8.01,7.36,7.43,2882674
21-Oct-08,8.50,8.50,8.06,8.12,2222076
20-Oct-08,8.72,8.95,8.51,8.95,2305804
17-Oct-08,9.00,9.21,8.69,8.81,2561427
16-Oct-08,9.04,9.30,8.46,9.07,4631235
15-Oct-08,9.35,9.73,8.76,8.87,2237339
14-Oct-08,10.24,10.24,9.57,9.78,3274625
13-Oct-08,9.41,9.91,9.00,9.77,3525149
10-Oct-08,7.88,9.22,7.88,9.22,3620061
9-Oct-08,9.90,9.90,7.68,8.53,5542686
8-Oct-08,9.60,10.49,9.51,10.13,3091555
7-Oct-08,10.52,10.89,10.12,10.12,3395199
6-Oct-08,10.61,10.76,9.94,10.59,2961554
3-Oct-08,11.20,11.68,11.04,11.04,3067149
2-Oct-08,11.14,11.21,10.73,10.91,2227746
1-Oct-08,10.92,11.43,10.92,11.38,2683939
30-Sep-08,10.90,11.41,10.90,11.36,2026727
29-Sep-08,11.30,11.43,10.53,10.84,3394917
26-Sep-08,11.65,11.79,11.21,11.70,3247918
25-Sep-08,11.53,12.12,11.52,11.94,2988123
24-Sep-08,11.71,11.92,11.64,11.70,2305176
23-Sep-08,11.70,12.05,11.67,11.71,3072358
22-Sep-08,11.98,12.05,11.60,11.67,4753160
19-Sep-08,11.48,12.24,11.48,11.98,4095260
18-Sep-08,10.50,11.25,10.39,11.11,5151950
17-Sep-08,10.12,10.54,10.05,10.29,5273899
16-Sep-08,9.86,10.27,9.65,10.20,7796094
15-Sep-08,10.22,10.72,10.22,10.41,3354614
12-Sep-08,10.81,10.98,10.61,10.95,2459189
11-Sep-08,10.71,10.82,10.56,10.82,3447306
10-Sep-08,10.71,11.07,10.71,10.99,3197484
9-Sep-08,10.99,11.00,10.70,10.70,5964289
8-Sep-08,11.15,11.83,11.15,11.42,5542910
5-Sep-08,10.39,10.80,10.39,10.69,3004380
4-Sep-08,10.59,10.87,10.34,10.46,2097883
3-Sep-08,10.99,10.99,10.53,10.65,4267451
2-Sep-08,11.42,11.47,11.12,11.24,4738171
29-Aug-08,12.05,12.19,11.86,11.94,1391892
28-Aug-08,12.01,12.13,11.95,12.11,1634411
27-Aug-08,11.75,12.05,11.66,11.84,2388901
26-Aug-08,11.50,11.57,11.38,11.55,1131983
25-Aug-08,11.65,11.70,11.43,11.43,1004381
22-Aug-08,11.64,11.78,11.61,11.70,2026340
21-Aug-08,11.50,11.76,11.32,11.63,2457632
20-Aug-08,11.54,11.76,11.48,11.62,2748519
19-Aug-08,11.66,11.66,11.39,11.46,2760299
18-Aug-08,12.18,12.31,12.04,12.04,2519059
15-Aug-08,12.29,12.37,12.16,12.23,1999710
14-Aug-08,12.37,12.59,12.31,12.51,1646140
13-Aug-08,12.45,12.49,12.27,12.43,3146178
12-Aug-08,12.71,12.71,12.49,12.55,2459522
11-Aug-08,12.16,12.76,12.16,12.56,4311473
8-Aug-08,11.82,12.33,11.82,12.30,2763182
7-Aug-08,11.53,11.76,11.41,11.69,3451019
6-Aug-08,11.81,12.14,11.64,12.06,2743643
5-Aug-08,11.38,11.59,11.25,11.52,2099390
4-Aug-08,11.62,11.68,11.35,11.39,2197983
1-Aug-08,11.45,11.99,11.27,11.52,2697928
31-Jul-08,11.61,11.61,11.25,11.30,2710813
30-Jul-08,12.30,12.32,11.76,11.84,3748181
29-Jul-08,12.34,12.44,12.19,12.41,2578115
28-Jul-08,12.49,12.79,12.49,12.55,1745541
25-Jul-08,12.86,12.90,12.59,12.73,2535382
24-Jul-08,13.48,13.48,12.78,12.84,5349260
23-Jul-08,12.86,13.22,12.86,13.14,3150799
22-Jul-08,12.29,12.64,12.21,12.61,3935859
21-Jul-08,13.12,13.12,12.62,12.69,2953906
18-Jul-08,12.29,12.52,12.21,12.47,4096834
17-Jul-08,13.08,13.24,12.96,13.18,3425392
16-Jul-08,12.50,13.09,12.30,13.04,5301721
15-Jul-08,12.29,12.97,12.27,12.60,5093042
14-Jul-08,13.61,13.61,12.93,12.97,1997861
11-Jul-08,13.03,13.64,13.03,13.48,3145626
10-Jul-08,12.84,13.24,12.49,13.14,4635634
9-Jul-08,13.34,13.49,13.15,13.21,6385188
8-Jul-08,14.43,14.53,13.64,14.03,5720655
7-Jul-08,14.77,15.19,14.64,14.99,3793669
3-Jul-08,15.04,15.24,14.86,14.99,1817692
2-Jul-08,14.82,15.22,14.80,14.90,2697862
1-Jul-08,14.83,14.95,14.66,14.92,2738134
30-Jun-08,14.71,15.20,14.71,15.09,3545433
27-Jun-08,14.67,14.99,14.47,14.81,2853019
26-Jun-08,15.15,15.28,14.74,14.81,4026944
25-Jun-08,15.15,15.80,15.15,15.55,3944360
24-Jun-08,15.21,15.35,14.93,15.14,7652107
23-Jun-08,15.46,16.34,15.46,15.70,3360631
20-Jun-08,16.04,16.22,15.81,15.90,3364016
19-Jun-08,16.07,16.29,15.81,16.20,3192185
18-Jun-08,16.36,16.64,16.02,16.29,2270524
17-Jun-08,16.67,16.68,16.23,16.24,3955393
16-Jun-08,16.83,16.83,16.45,16.51,2262499
13-Jun-08,16.48,16.92,16.48,16.83,2262050
12-Jun-08,16.55,16.84,16.47,16.48,2058785
11-Jun-08,16.68,16.86,16.33,16.33,3160607
10-Jun-08,16.68,16.97,16.53,16.78,3312064
9-Jun-08,17.32,17.32,16.69,16.88,1977365
6-Jun-08,17.30,17.52,17.09,17.10,4653263
5-Jun-08,17.22,17.54,17.13,17.54,2858066
4-Jun-08,16.99,17.36,16.95,17.13,3000642
3-Jun-08,17.38,17.54,16.86,17.10,4995747
2-Jun-08,18.15,18.34,17.53,17.75,2353862
30-May-08,17.93,18.21,17.90,18.13,2789758
29-May-08,17.59,17.94,17.43,17.79,4826233
28-May-08,17.70,17.75,17.52,17.63,2191978
27-May-08,17.89,18.10,17.68,17.95,2289680
23-May-08,17.71,17.74,17.36,17.62,3277513
22-May-08,17.88,18.47,17.88,18.10,2464641
21-May-08,17.89,18.19,17.70,17.71,2745935
20-May-08,18.35,18.35,17.64,17.89,3650645
19-May-08,18.30,18.62,18.28,18.34,3015064
16-May-08,18.58,18.62,17.83,18.39,5784163
15-May-08,18.71,18.88,18.40,18.70,4462216
14-May-08,18.77,19.02,18.64,18.70,3118144
13-May-08,18.62,18.81,18.47,18.70,2106016
12-May-08,18.42,18.57,18.24,18.57,2089514
9-May-08,18.25,18.47,18.11,18.14,3274043
8-May-08,18.59,18.78,18.30,18.44,3103783
7-May-08,19.41,19.42,18.86,18.93,4176472
6-May-08,19.45,19.87,19.21,19.68,3880801
5-May-08,19.17,19.28,19.05,19.18,2171112
2-May-08,19.13,19.56,19.13,19.38,4269305
1-May-08,19.02,19.14,18.60,19.11,3499780
30-Apr-08,18.45,18.81,18.45,18.59,2079096
29-Apr-08,18.81,18.81,18.35,18.39,3187374
28-Apr-08,19.00,19.00,18.69,18.89,4197945
25-Apr-08,18.93,19.01,18.62,18.94,4634684
24-Apr-08,18.77,18.77,18.26,18.50,3608037
23-Apr-08,18.57,18.74,18.24,18.57,4392692
22-Apr-08,18.87,18.95,17.86,18.33,6690436
21-Apr-08,18.26,18.28,17.90,18.10,4014423
18-Apr-08,17.92,18.29,17.92,18.24,6246423
17-Apr-08,17.31,17.37,17.14,17.30,4053651
16-Apr-08,17.19,17.31,16.95,17.30,4160680
15-Apr-08,16.90,16.91,16.61,16.89,3270072
14-Apr-08,17.14,17.15,16.45,16.52,4394161
11-Apr-08,17.24,17.50,17.20,17.29,4524447
10-Apr-08,17.18,17.23,16.64,17.11,3465102
9-Apr-08,17.48,17.48,16.80,16.94,2487382
8-Apr-08,16.94,17.38,16.94,17.30,3281641
7-Apr-08,17.33,17.50,17.05,17.20,3031329
4-Apr-08,17.52,17.62,17.25,17.33,2756727
3-Apr-08,17.14,17.59,17.02,17.51,2982904
2-Apr-08,17.14,17.41,16.94,17.17,3123960
1-Apr-08,16.75,17.16,16.67,17.16,5736888
31-Mar-08,16.25,16.44,16.25,16.37,3774707
28-Mar-08,16.51,16.73,16.18,16.23,3214383
27-Mar-08,16.55,16.55,16.01,16.29,4655774
26-Mar-08,17.00,17.03,16.09,16.23,7042054
25-Mar-08,17.43,17.61,17.05,17.56,3580897
24-Mar-08,17.93,17.93,17.30,17.40,5846817
20-Mar-08,17.62,17.70,17.25,17.59,3014003
19-Mar-08,17.86,18.00,17.20,17.23,2800247
18-Mar-08,17.91,18.13,17.59,18.13,4389962
17-Mar-08,17.10,17.52,16.84,17.31,3133241
14-Mar-08,18.01,18.14,17.17,17.24,2980174
13-Mar-08,17.49,18.09,17.41,17.94,4414381
12-Mar-08,18.18,18.18,17.63,17.67,5499454
11-Mar-08,18.02,18.36,17.89,18.29,5869948
10-Mar-08,18.29,18.37,17.62,17.69,4144116
7-Mar-08,18.71,18.90,18.25,18.49,6825093
6-Mar-08,18.56,18.73,18.11,18.11,5005207
5-Mar-08,18.38,18.38,17.94,18.10,3020388
4-Mar-08,18.07,18.30,17.80,18.09,5590406
3-Mar-08,18.10,18.10,17.49,17.68,3796734
29-Feb-08,18.61,18.61,18.02,18.17,2986706
28-Feb-08,18.25,18.68,18.25,18.56,3156241
27-Feb-08,18.44,18.81,18.31,18.60,3665071
26-Feb-08,18.29,18.82,18.26,18.80,3634286
25-Feb-08,17.81,18.30,17.73,18.20,3860550
22-Feb-08,17.19,17.43,17.05,17.37,4517395
21-Feb-08,16.39,16.79,16.30,16.32,1859398
20-Feb-08,16.15,16.36,15.85,16.30,2411767
19-Feb-08,16.57,16.76,16.32,16.48,4176589
15-Feb-08,16.54,16.54,16.12,16.37,2479137
14-Feb-08,16.43,16.75,16.29,16.37,2683896
13-Feb-08,15.73,16.36,15.73,16.22,2327098
12-Feb-08,15.62,15.82,15.33,15.51,3218694
11-Feb-08,15.62,15.88,15.40,15.85,1787649
8-Feb-08,15.58,15.72,15.29,15.58,1724154
7-Feb-08,15.32,15.67,15.04,15.49,3242001
6-Feb-08,15.35,15.61,15.23,15.24,2588532
5-Feb-08,16.22,16.22,15.23,15.23,3266673
4-Feb-08,16.10,16.50,16.00,16.38,2999462
1-Feb-08,15.99,16.27,15.62,15.93,3004284
31-Jan-08,16.10,16.10,15.25,15.78,4596610
30-Jan-08,16.62,16.86,16.14,16.40,3637836
29-Jan-08,16.14,16.36,16.05,16.28,1872640
28-Jan-08,15.94,16.14,15.49,16.07,2923515
25-Jan-08,16.53,16.86,16.20,16.37,2830227
24-Jan-08,15.67,16.22,15.44,16.14,2809432
23-Jan-08,15.58,15.80,14.49,15.79,4682866
22-Jan-08,16.02,16.69,15.36,15.95,4145804
18-Jan-08,16.98,17.28,16.56,17.00,2788930
17-Jan-08,16.54,16.93,16.00,16.08,3128601
16-Jan-08,16.85,16.85,15.95,16.24,3124400
15-Jan-08,17.41,17.47,16.74,16.88,3234777
14-Jan-08,17.10,17.70,17.10,17.47,2316654
11-Jan-08,17.15,17.19,16.64,16.74,2223413
10-Jan-08,16.61,17.23,16.50,17.18,2998882
9-Jan-08,16.14,17.14,16.14,16.96,4780296
8-Jan-08,15.85,16.44,15.82,15.89,2554393
7-Jan-08,16.43,16.43,15.77,15.99,2884974
4-Jan-08,16.83,16.88,16.33,16.51,3637135
3-Jan-08,17.15,17.33,16.90,17.08,2161215
2-Jan-08,17.72,17.89,16.91,17.25,4253066
31-Dec-07,18.06,18.41,18.06,18.29,1787506
28-Dec-07,18.19,18.31,17.98,18.30,2675671
27-Dec-07,17.87,18.00,17.37,17.44,1202065
26-Dec-07,17.43,17.83,17.39,17.81,1477936
24-Dec-07,17.16,17.34,16.91,17.32,1269088
21-Dec-07,16.50,16.82,16.41,16.82,2159220
20-Dec-07,16.14,16.31,15.90,16.03,1995100
19-Dec-07,16.13,16.45,16.00,16.22,2530701
18-Dec-07,15.24,15.80,15.24,15.58,1793190
17-Dec-07,15.45,15.80,15.23,15.23,5451680
14-Dec-07,16.21,16.48,15.97,16.08,2512052
13-Dec-07,16.32,16.53,16.05,16.46,4273906
12-Dec-07,17.60,17.92,17.11,17.50,2825409
11-Dec-07,18.57,18.57,17.44,17.57,2094330
10-Dec-07,18.66,18.66,18.17,18.42,1338139
7-Dec-07,19.15,19.15,18.57,18.76,1149520
6-Dec-07,19.12,19.30,18.75,19.22,2033771
5-Dec-07,18.65,19.32,18.65,19.30,2022749
4-Dec-07,18.61,18.75,18.44,18.65,1689329
3-Dec-07,18.86,18.86,18.38,18.61,1558436
30-Nov-07,18.76,18.93,18.45,18.66,3156195
29-Nov-07,18.48,18.54,18.07,18.22,2515695
28-Nov-07,18.11,18.56,17.66,18.43,2963950
27-Nov-07,17.86,18.33,17.82,18.11,2519606
26-Nov-07,18.44,18.44,17.71,17.80,2080586
23-Nov-07,18.14,18.61,18.00,18.44,610681
21-Nov-07,18.85,18.85,17.76,18.14,2978252
20-Nov-07,19.06,19.30,18.62,19.09,3791553
19-Nov-07,18.19,18.59,17.92,18.10,2319192
16-Nov-07,18.56,18.76,18.24,18.50,3677468
15-Nov-07,19.04,19.27,18.61,18.69,2361660
14-Nov-07,19.43,19.47,19.05,19.05,1275435
13-Nov-07,18.13,19.39,18.13,19.39,2579534
12-Nov-07,19.09,19.36,18.13,18.14,2701324
9-Nov-07,19.29,19.90,19.10,19.47,3228225
8-Nov-07,19.24,19.93,18.42,19.16,6505226
7-Nov-07,20.95,20.95,20.14,20.17,2286472
6-Nov-07,20.57,21.41,20.45,21.34,4247677
5-Nov-07,20.48,20.51,20.00,20.38,3193899
2-Nov-07,19.43,19.74,19.19,19.48,2839935
1-Nov-07,20.00,20.16,19.36,19.43,3281145
31-Oct-07,20.67,20.78,20.31,20.70,2247210
30-Oct-07,20.17,20.36,20.00,20.19,1525545
29-Oct-07,19.87,20.61,19.61,20.59,3897285
26-Oct-07,19.37,19.62,19.00,19.20,2663430
25-Oct-07,19.05,20.00,18.10,19.04,5346600
24-Oct-07,19.18,19.18,18.26,18.75,5028450
23-Oct-07,19.36,19.57,19.12,19.44,5078010
22-Oct-07,19.90,19.90,18.55,18.82,6886215
19-Oct-07,20.10,20.27,19.30,19.43,3676470
18-Oct-07,19.31,20.10,19.25,20.04,4373040
17-Oct-07,18.67,19.05,18.59,19.04,2823555
16-Oct-07,18.44,18.70,17.98,18.12,2185785
15-Oct-07,18.57,18.93,18.29,18.62,2669100
12-Oct-07,17.82,18.03,17.58,17.98,2421090
11-Oct-07,18.44,18.48,17.65,17.72,2915745
10-Oct-07,18.04,18.37,17.79,18.34,3217725
9-Oct-07,18.28,18.30,17.78,18.22,3495765
8-Oct-07,17.49,18.40,17.46,18.30,4181625
5-Oct-07,16.44,17.11,16.44,16.98,2732415
4-Oct-07,16.05,16.27,15.97,16.21,1923915
3-Oct-07,16.65,16.65,16.08,16.08,2040780
2-Oct-07,16.66,16.77,16.50,16.71,2386440
1-Oct-07,16.58,16.94,16.43,16.88,2076060
28-Sep-07,16.29,16.33,16.03,16.11,1753290
27-Sep-07,16.20,16.50,16.15,16.50,2703031
26-Sep-07,15.83,16.01,15.66,15.97,1827454
25-Sep-07,15.39,15.39,15.25,15.35,1651125
24-Sep-07,15.30,15.43,15.09,15.43,1796025
21-Sep-07,15.09,15.31,15.00,15.30,1694280
20-Sep-07,14.76,14.97,14.71,14.78,1858290
19-Sep-07,14.50,14.67,14.38,14.57,3113040
18-Sep-07,14.14,14.60,13.70,14.60,3506580
17-Sep-07,14.15,14.28,14.01,14.07,1520820
14-Sep-07,14.47,14.62,14.32,14.33,1482075
13-Sep-07,14.71,14.72,14.60,14.63,1230915
12-Sep-07,14.58,14.72,14.49,14.65,1348305
11-Sep-07,14.20,14.50,14.14,14.41,2325330
10-Sep-07,14.32,14.42,14.05,14.23,2313780
7-Sep-07,14.39,14.50,14.30,14.38,1582560
6-Sep-07,14.06,14.60,14.05,14.53,3131415
5-Sep-07,13.82,13.91,13.70,13.76,1882230
4-Sep-07,13.99,14.01,13.63,13.87,2491335
31-Aug-07,13.92,14.08,13.81,13.99,1340010
30-Aug-07,13.62,13.76,13.42,13.47,968835
29-Aug-07,13.73,13.74,13.48,13.71,2069760
28-Aug-07,13.99,14.01,13.65,13.67,1674540
27-Aug-07,14.25,14.30,13.98,14.05,1914998
24-Aug-07,14.10,14.37,13.99,14.30,1299060
23-Aug-07,14.29,14.44,14.01,14.17,1325625
22-Aug-07,13.58,14.19,13.58,14.14,2308215
21-Aug-07,13.79,13.80,13.56,13.57,1697640
20-Aug-07,14.10,14.24,13.93,14.20,1782690
17-Aug-07,13.60,14.12,13.58,14.07,3207926
16-Aug-07,13.27,13.53,12.86,13.34,5113710
15-Aug-07,14.10,14.38,13.91,13.92,2149035
14-Aug-07,14.85,15.00,14.54,14.60,2032905
13-Aug-07,15.23,15.35,14.81,14.86,2787330
10-Aug-07,15.14,15.62,14.97,15.37,1920660
9-Aug-07,15.64,15.67,15.31,15.50,2602005
8-Aug-07,15.44,15.77,15.42,15.62,2235765
7-Aug-07,15.14,15.40,15.12,15.23,1739325
6-Aug-07,15.38,15.52,15.10,15.42,1995420
3-Aug-07,15.73,15.86,15.33,15.38,1427798
2-Aug-07,15.48,15.70,15.33,15.69,1836240
1-Aug-07,15.48,15.55,15.18,15.45,2628675
31-Jul-07,16.54,16.57,16.09,16.11,1553580
30-Jul-07,16.00,16.55,16.00,16.52,2163840
27-Jul-07,15.94,16.10,15.58,15.72,2277240
26-Jul-07,15.61,15.95,15.24,15.43,6154411
25-Jul-07,15.46,15.62,15.24,15.46,2088381
24-Jul-07,15.89,15.89,15.46,15.50,1814462
23-Jul-07,15.95,16.28,15.90,16.27,1542450
20-Jul-07,16.10,16.22,15.82,15.95,2716035
19-Jul-07,16.20,16.23,16.01,16.10,1783110
18-Jul-07,16.32,16.32,15.91,16.20,2328165
17-Jul-07,16.62,16.76,16.47,16.68,1015140
16-Jul-07,16.38,16.41,16.05,16.15,1789935
13-Jul-07,16.73,16.77,16.60,16.66,993405
12-Jul-07,16.80,17.04,16.67,17.02,1330665
11-Jul-07,16.92,17.06,16.79,17.01,788550
10-Jul-07,17.14,17.31,16.86,16.91,1676062
9-Jul-07,16.95,17.19,16.90,17.11,1576470
6-Jul-07,16.52,16.90,16.34,16.81,1237635
5-Jul-07,16.69,16.78,16.51,16.61,1184925
3-Jul-07,16.77,16.77,16.66,16.68,513240
2-Jul-07,16.38,16.71,16.38,16.70,1315125
29-Jun-07,16.29,16.52,16.29,16.38,1274700
28-Jun-07,16.23,16.57,16.23,16.49,1203510
27-Jun-07,16.38,16.67,16.30,16.61,1671495
26-Jun-07,16.43,16.50,16.29,16.38,2224320
25-Jun-07,16.63,16.72,16.47,16.57,1711080
22-Jun-07,16.86,16.95,16.67,16.71,869844
21-Jun-07,17.02,17.13,16.87,17.13,1185450
20-Jun-07,16.78,16.97,16.61,16.78,1096305
19-Jun-07,16.67,16.85,16.64,16.78,1109220
18-Jun-07,16.90,16.97,16.78,16.83,929985
15-Jun-07,16.71,16.89,16.70,16.80,1241205
14-Jun-07,16.56,16.78,16.43,16.66,1239630
13-Jun-07,16.10,16.43,16.01,16.35,1967721
12-Jun-07,15.81,16.04,15.76,15.87,1046745
11-Jun-07,15.86,15.92,15.61,15.87,1226925
8-Jun-07,15.77,15.88,15.58,15.84,1687980
7-Jun-07,15.55,15.84,15.27,15.38,2354468
6-Jun-07,15.55,15.55,15.29,15.40,1147545
5-Jun-07,15.41,15.60,15.24,15.45,1893045
4-Jun-07,15.30,15.43,15.29,15.39,925785
1-Jun-07,15.14,15.56,15.12,15.50,1825320
31-May-07,14.70,14.99,14.79,14.89,1650075
30-May-07,14.78,15.05,14.75,14.99,1277115
29-May-07,15.01,15.14,14.84,14.93,730065
25-May-07,15.03,15.05,14.83,15.01,918855
24-May-07,14.91,14.97,14.66,14.70,904575
23-May-07,15.06,15.16,14.92,14.98,1787310
22-May-07,15.10,15.18,15.00,15.11,933870
21-May-07,14.99,15.14,14.94,15.01,1225980
18-May-07,15.14,15.17,14.94,14.98,1488161
17-May-07,15.09,15.27,15.00,15.23,1131165
16-May-07,14.70,14.90,14.62,14.85,1357545
15-May-07,14.64,14.70,14.52,14.57,1287720
14-May-07,14.84,14.91,14.61,14.67,1587810
11-May-07,14.82,14.92,14.69,14.91,2057265
10-May-07,15.24,15.26,14.94,14.96,1258005
9-May-07,15.24,15.43,15.23,15.43,1213695
8-May-07,15.70,15.71,15.41,15.65,1014316
7-May-07,15.70,15.90,15.68,15.72,709905
4-May-07,15.60,15.80,15.47,15.59,1846950
3-May-07,15.58,15.61,15.49,15.52,776895
2-May-07,15.71,15.71,15.39,15.50,1630650
1-May-07,15.14,15.26,14.97,15.25,1431045
30-Apr-07,15.15,15.31,15.14,15.15,925155
27-Apr-07,15.36,15.39,15.25,15.29,1164593
26-Apr-07,15.90,16.10,15.31,15.42,2003610
25-Apr-07,15.55,15.68,15.41,15.58,2182320
24-Apr-07,14.97,16.06,14.97,15.91,4172700
23-Apr-07,15.00,15.05,14.90,14.97,1703415
20-Apr-07,14.91,15.14,14.89,15.00,1766310
19-Apr-07,14.64,14.76,14.53,14.65,697725
18-Apr-07,14.63,14.91,14.63,14.83,963690
17-Apr-07,14.84,14.98,14.77,14.85,1140930
16-Apr-07,14.95,15.11,14.95,15.04,1105020
13-Apr-07,15.18,15.18,14.92,15.00,1886010
12-Apr-07,15.09,15.31,15.01,15.27,1923866
11-Apr-07,14.84,15.19,14.84,15.09,3214007
10-Apr-07,14.63,14.71,14.57,14.59,2549039
9-Apr-07,14.76,14.80,14.62,14.75,1390200
5-Apr-07,14.50,14.65,14.43,14.65,1139355
4-Apr-07,14.37,14.52,14.32,14.42,1040130
3-Apr-07,14.03,14.38,14.00,14.37,4449872
2-Apr-07,13.71,13.99,13.71,13.99,1473570
30-Mar-07,13.53,13.67,13.51,13.62,1143240
29-Mar-07,13.52,13.71,13.30,13.48,1227135
28-Mar-07,13.41,13.50,13.36,13.42,1094310
27-Mar-07,13.81,13.81,13.59,13.62,1279845
26-Mar-07,14.03,14.03,13.89,14.01,1049790
23-Mar-07,13.92,13.96,13.83,13.93,1273965
22-Mar-07,14.05,14.05,13.84,13.92,1943235
21-Mar-07,14.01,14.08,13.77,14.03,1672860
20-Mar-07,14.03,14.06,13.93,14.05,1205820
19-Mar-07,13.86,14.13,13.82,14.09,1873830
16-Mar-07,13.47,13.59,13.40,13.41,798420
15-Mar-07,13.51,13.75,13.38,13.65,1245685
14-Mar-07,13.41,13.52,13.17,13.46,1492785
13-Mar-07,13.80,13.81,13.49,13.49,1356075
12-Mar-07,13.67,13.98,13.67,13.90,1210965
9-Mar-07,13.90,13.90,13.64,13.75,1214115
8-Mar-07,13.79,13.90,13.72,13.90,3062220
7-Mar-07,13.14,13.29,13.05,13.18,1972005
6-Mar-07,13.10,13.47,13.10,13.40,1547507
5-Mar-07,12.95,13.26,12.94,13.09,1685985
2-Mar-07,13.31,13.44,13.07,13.25,1474095
1-Mar-07,13.47,13.47,12.93,13.32,1797425
28-Feb-07,13.43,13.57,13.30,13.48,1563555
27-Feb-07,13.35,13.76,12.96,13.15,3527265
26-Feb-07,14.19,14.24,14.04,14.18,1490330
23-Feb-07,14.46,14.50,14.30,14.30,1323210
22-Feb-07,14.40,14.48,14.31,14.34,954555
21-Feb-07,14.19,14.39,14.14,14.34,1234275
20-Feb-07,14.18,14.28,14.07,14.28,675570
16-Feb-07,14.10,14.28,14.10,14.17,714840
15-Feb-07,14.28,14.35,14.17,14.28,1007580
14-Feb-07,13.90,14.34,13.85,14.32,2544846
13-Feb-07,13.62,13.76,13.44,13.75,2599156
12-Feb-07,13.98,13.99,13.52,13.76,1253379
9-Feb-07,13.83,14.33,13.74,13.97,3545325
8-Feb-07,13.55,13.81,13.42,13.72,2086455
7-Feb-07,13.70,13.84,13.67,13.78,1765365
6-Feb-07,13.52,13.84,13.52,13.82,4066965
5-Feb-07,13.16,13.21,13.07,13.19,974190
2-Feb-07,13.19,13.30,13.05,13.11,906990
1-Feb-07,13.02,13.14,12.90,13.12,1452465
31-Jan-07,12.46,12.84,12.46,12.79,1999410
30-Jan-07,12.56,12.56,12.34,12.44,1441230
29-Jan-07,12.69,12.69,12.50,12.52,1047900
26-Jan-07,12.84,12.85,12.64,12.79,450765
25-Jan-07,13.10,13.14,12.81,12.83,1116255
24-Jan-07,12.86,13.10,12.80,13.06,2150295
23-Jan-07,12.62,12.83,12.50,12.78,1469685
22-Jan-07,12.80,12.81,12.53,12.64,1227030
19-Jan-07,12.59,12.81,12.57,12.71,934710
18-Jan-07,12.90,12.90,12.57,12.62,1842645
17-Jan-07,12.90,12.94,12.76,12.81,790860
16-Jan-07,13.10,13.10,12.81,12.89,1706565
12-Jan-07,13.15,13.19,13.07,13.17,1074675
11-Jan-07,12.74,12.83,12.71,12.77,1428945
10-Jan-07,12.68,12.77,12.64,12.76,2016105
9-Jan-07,12.89,13.07,12.67,12.79,2055795
8-Jan-07,13.14,13.14,12.90,12.96,1521660
5-Jan-07,13.31,13.31,13.06,13.14,1152690
4-Jan-07,13.33,13.47,13.29,13.43,1969695
3-Jan-07,13.14,13.28,13.02,13.16,1457925
29-Dec-06,13.16,13.28,13.07,13.15,844620
28-Dec-06,13.04,13.13,12.90,13.07,713265
27-Dec-06,12.90,13.20,12.86,13.17,991410
26-Dec-06,12.82,12.99,12.81,12.99,789705
22-Dec-06,12.84,12.95,12.76,12.92,1255170
21-Dec-06,12.81,12.92,12.69,12.85,1201410
20-Dec-06,12.82,13.08,12.82,12.93,2142840
19-Dec-06,12.59,12.69,12.48,12.69,1751295
18-Dec-06,12.53,12.58,12.43,12.44,2075430
15-Dec-06,12.41,12.48,12.31,12.34,1405740
14-Dec-06,12.31,12.44,12.30,12.38,1999515
13-Dec-06,12.19,12.33,12.15,12.25,1811355
12-Dec-06,12.46,12.46,12.12,12.15,3121545
11-Dec-06,12.57,12.72,12.57,12.69,1230810
8-Dec-06,12.72,12.83,12.62,12.75,1309035
7-Dec-06,12.86,12.88,12.55,12.74,4405275
6-Dec-06,13.06,13.20,13.03,13.07,2852115
5-Dec-06,12.78,13.06,12.73,12.99,2340135
4-Dec-06,12.76,12.76,12.54,12.66,2149350
1-Dec-06,12.69,12.70,12.47,12.68,1490265
30-Nov-06,12.68,12.77,12.56,12.74,1346205
29-Nov-06,12.50,12.69,12.50,12.64,1918770
28-Nov-06,12.46,12.47,12.30,12.46,2080575
27-Nov-06,12.70,12.72,12.34,12.43,2757300
24-Nov-06,12.62,12.80,12.48,12.64,1096515
22-Nov-06,12.45,12.64,12.40,12.64,2347065
21-Nov-06,12.44,12.51,12.38,12.48,1326255
20-Nov-06,12.33,12.44,12.29,12.35,1182720
17-Nov-06,12.38,12.46,12.33,12.43,1219785
16-Nov-06,12.52,12.63,12.34,12.43,2441145
15-Nov-06,12.68,12.75,12.55,12.63,1266510
14-Nov-06,12.62,12.76,12.41,12.75,3744090
13-Nov-06,12.40,12.50,12.38,12.43,1545180
10-Nov-06,12.49,12.51,12.35,12.48,1672020
9-Nov-06,12.55,12.61,12.41,12.46,1714965
8-Nov-06,12.65,12.74,12.40,12.58,4213020
7-Nov-06,12.89,12.92,12.74,12.78,2343915
6-Nov-06,12.76,12.88,12.66,12.88,1624770
3-Nov-06,12.79,13.02,12.75,12.94,1887585
2-Nov-06,12.68,12.73,12.58,12.68,2112075
1-Nov-06,13.00,13.05,12.72,12.72,1410990
31-Oct-06,12.81,12.98,12.81,12.93,2066400
30-Oct-06,12.82,12.85,12.70,12.77,1950585
27-Oct-06,12.86,12.90,12.73,12.81,1963395
26-Oct-06,12.64,12.86,12.62,12.76,2473590
25-Oct-06,12.84,12.86,12.45,12.62,5475855
24-Oct-06,13.16,13.19,13.00,13.08,3094770
23-Oct-06,13.32,13.42,13.20,13.26,3428670
20-Oct-06,13.56,13.58,13.43,13.50,2099895
19-Oct-06,13.56,13.63,13.47,13.50,1343160
18-Oct-06,13.59,13.68,13.42,13.59,1587810
17-Oct-06,13.70,13.71,13.48,13.56,1724520
16-Oct-06,13.76,13.84,13.65,13.77,2394945
13-Oct-06,13.66,13.82,13.60,13.70,2076585
12-Oct-06,13.61,13.76,13.49,13.71,2943675
11-Oct-06,13.34,13.63,13.32,13.49,2846970
10-Oct-06,13.34,13.34,13.10,13.11,3180975
9-Oct-06,13.41,13.43,13.28,13.33,1187445
6-Oct-06,13.52,13.62,13.40,13.51,2403450
5-Oct-06,13.38,13.59,13.33,13.53,3669225
4-Oct-06,13.07,13.29,12.94,13.12,2815995
3-Oct-06,13.20,13.20,12.97,13.08,2728530
2-Oct-06,13.50,13.53,13.06,13.19,3076920
29-Sep-06,13.70,13.71,13.57,13.57,1875195
28-Sep-06,13.80,13.82,13.64,13.71,1375500
27-Sep-06,14.01,14.01,13.74,13.79,2049390
26-Sep-06,14.09,14.13,13.83,14.02,2527665
25-Sep-06,14.24,14.25,13.86,14.02,6244770
22-Sep-06,13.77,13.95,13.63,13.70,2108925
21-Sep-06,13.85,13.94,13.70,13.78,2294145
20-Sep-06,13.81,14.03,13.79,13.95,1832040
19-Sep-06,13.92,13.98,13.59,13.81,2214975
18-Sep-06,14.14,14.23,13.97,14.06,1546125
15-Sep-06,13.68,13.96,13.62,13.90,3888360
14-Sep-06,13.86,13.87,13.64,13.76,2777355
13-Sep-06,14.02,14.05,13.92,14.00,2346540
12-Sep-06,13.89,14.25,13.87,14.16,2256450
11-Sep-06,14.16,14.16,13.74,14.05,1423170
8-Sep-06,14.03,14.26,14.03,14.25,1343790
7-Sep-06,13.90,14.08,13.83,14.01,1828050
6-Sep-06,14.27,14.38,13.98,13.98,2843295
5-Sep-06,14.21,14.41,14.19,14.41,2004135
1-Sep-06,14.05,14.10,13.91,14.10,2314620
31-Aug-06,14.22,14.29,13.84,13.89,2950710
30-Aug-06,14.26,14.43,14.21,14.33,1433250
29-Aug-06,14.05,14.22,14.04,14.19,2049495
28-Aug-06,13.86,13.98,13.84,13.95,782880
25-Aug-06,13.83,13.98,13.73,13.88,2243325
24-Aug-06,13.77,13.94,13.66,13.86,1342320
23-Aug-06,13.99,14.06,13.79,13.84,1252125
22-Aug-06,14.18,14.29,14.00,14.08,1442910
21-Aug-06,14.01,14.10,13.86,14.05,1744680
18-Aug-06,14.61,14.62,14.32,14.61,1577310
17-Aug-06,14.71,14.87,14.62,14.63,1739535
16-Aug-06,14.97,15.06,14.76,15.01,3051510
15-Aug-06,14.95,15.17,14.80,15.08,1511580
14-Aug-06,14.63,14.91,14.62,14.79,2294670
11-Aug-06,14.38,14.64,14.31,14.56,1387575
10-Aug-06,14.32,14.53,14.29,14.50,1717485
9-Aug-06,14.20,14.29,14.02,14.04,2247315
8-Aug-06,14.06,14.18,14.00,14.02,1914255
7-Aug-06,14.07,14.16,13.91,13.91,1907115
4-Aug-06,13.99,14.10,13.97,14.08,3568215
3-Aug-06,13.81,14.26,13.65,14.13,3002580
2-Aug-06,13.59,13.81,13.59,13.69,1668450
1-Aug-06,13.51,13.51,13.35,13.49,2328690
31-Jul-06,13.96,14.12,13.71,14.04,2289840
28-Jul-06,14.14,14.31,14.10,14.24,1949745
27-Jul-06,14.14,14.30,13.92,14.10,1767045
26-Jul-06,14.22,14.30,14.10,14.20,2146725
25-Jul-06,13.92,14.57,13.89,14.50,5123475
24-Jul-06,14.05,14.47,14.05,14.45,2321865
21-Jul-06,13.84,14.10,13.79,13.93,4217325
20-Jul-06,14.29,14.32,14.14,14.18,3428460
19-Jul-06,13.34,14.07,13.34,13.99,2755935
18-Jul-06,13.10,13.38,13.10,13.37,1439760
17-Jul-06,13.10,13.18,12.96,13.09,1052730
14-Jul-06,13.04,13.47,12.99,13.30,2632245
13-Jul-06,13.33,13.43,12.82,12.93,2060310
12-Jul-06,13.48,13.52,13.28,13.28,1881705
11-Jul-06,12.86,13.39,12.76,13.23,2109240
10-Jul-06,12.92,13.08,12.72,12.82,787605
7-Jul-06,13.14,13.14,12.81,12.86,1851150
6-Jul-06,12.94,13.33,12.94,13.16,863205
5-Jul-06,13.14,13.21,12.86,13.10,1456455
3-Jul-06,13.57,13.66,13.41,13.66,496020
30-Jun-06,13.78,13.79,13.48,13.56,1389570
29-Jun-06,13.06,13.84,13.06,13.84,1674750
28-Jun-06,12.94,13.14,12.77,13.00,868245
27-Jun-06,13.16,13.27,12.78,12.82,1684095
26-Jun-06,13.00,13.19,12.95,13.17,1087275
23-Jun-06,13.02,13.18,12.72,12.90,1520505
22-Jun-06,13.10,13.66,12.72,12.89,1486380
21-Jun-06,12.49,12.91,12.47,12.82,1837605
20-Jun-06,12.47,12.55,12.33,12.45,1945440
19-Jun-06,12.56,12.74,12.48,12.61,1902390
16-Jun-06,12.51,12.65,12.38,12.55,1602510
15-Jun-06,12.13,12.70,12.13,12.58,2744700
14-Jun-06,11.84,12.18,11.83,12.17,2525985
13-Jun-06,11.83,12.01,11.44,11.58,3667755
12-Jun-06,12.38,12.44,12.11,12.12,1505910
9-Jun-06,12.74,12.88,12.50,12.50,2082570
8-Jun-06,12.12,12.32,11.69,12.29,4250820
7-Jun-06,12.52,12.69,12.38,12.48,2849070
6-Jun-06,13.19,13.24,12.95,13.14,1833720
5-Jun-06,13.51,13.56,13.10,13.17,1776075
2-Jun-06,14.16,14.28,14.03,14.04,2111340
1-Jun-06,13.73,13.76,13.41,13.75,2579535
31-May-06,13.44,13.83,13.44,13.83,1936830
30-May-06,13.86,14.04,13.38,13.57,2175495
26-May-06,13.99,14.13,13.93,14.04,1638315
25-May-06,14.22,14.49,14.00,14.40,1440705
24-May-06,14.48,14.51,13.99,14.20,1638840
23-May-06,14.52,14.96,14.37,14.37,1657005
22-May-06,14.29,14.38,13.94,14.24,3069150
19-May-06,14.77,15.27,14.54,15.24,2740605
18-May-06,15.07,15.19,14.56,14.71,2919315
17-May-06,15.47,15.52,14.90,15.02,3150000
16-May-06,15.81,15.82,15.52,15.65,1970430
15-May-06,16.02,16.26,15.67,15.81,2829120
12-May-06,16.20,16.26,15.81,16.01,1939665
11-May-06,16.54,16.59,16.10,16.18,2488185
10-May-06,16.60,16.67,16.45,16.54,1817130
9-May-06,16.27,16.32,16.09,16.30,1292445
8-May-06,16.70,16.74,16.54,16.72,1390305
5-May-06,16.38,16.67,16.30,16.66,1549485
4-May-06,16.04,16.12,15.90,16.10,1497825
3-May-06,16.07,16.22,15.97,16.14,1522815
2-May-06,15.76,16.12,15.74,16.09,1569960
1-May-06,15.66,16.05,15.65,15.67,1250025
28-Apr-06,15.68,15.93,15.56,15.65,1079295
27-Apr-06,15.38,15.71,15.33,15.63,1716645
26-Apr-06,15.60,16.01,15.60,15.71,1804635
25-Apr-06,15.59,15.67,15.48,15.54,1792350
24-Apr-06,16.06,16.06,15.84,15.96,1920240
21-Apr-06,16.28,16.33,16.08,16.10,3201555
20-Apr-06,15.64,18.97,15.64,16.38,5591355
19-Apr-06,15.04,15.10,14.87,15.01,1387260
18-Apr-06,14.59,15.02,14.58,14.98,3340155
17-Apr-06,14.60,14.70,14.45,14.58,1605660
13-Apr-06,14.16,14.52,14.12,14.25,1634115
12-Apr-06,13.95,14.00,13.82,13.92,908040
11-Apr-06,14.19,14.20,13.43,13.72,2997435
10-Apr-06,14.59,14.70,14.30,14.35,2843295
7-Apr-06,14.23,14.42,14.13,14.17,3476865
6-Apr-06,15.00,15.00,14.49,14.51,1955730
5-Apr-06,14.88,15.04,14.63,15.03,1110060
4-Apr-06,14.98,15.14,14.83,14.88,2303700
3-Apr-06,14.41,14.86,14.38,14.80,2635920
31-Mar-06,14.31,14.31,14.15,14.20,1231125
30-Mar-06,14.14,14.31,14.01,14.11,1460130
29-Mar-06,13.82,14.14,13.82,14.12,1731135
28-Mar-06,13.86,13.91,13.71,13.80,1130745
27-Mar-06,13.98,13.98,13.62,13.73,1892940
24-Mar-06,13.86,14.04,13.86,13.99,659715
23-Mar-06,13.83,13.94,13.67,13.86,982905
22-Mar-06,13.68,13.85,13.68,13.84,720930
21-Mar-06,13.75,14.11,13.75,13.76,1611855
20-Mar-06,13.72,13.99,13.67,13.97,1668030
17-Mar-06,13.64,13.86,13.64,13.74,1978725
16-Mar-06,14.19,14.20,13.69,13.81,3125430
15-Mar-06,14.34,14.48,14.14,14.45,1363215
14-Mar-06,14.09,14.33,13.97,14.28,1713180
13-Mar-06,14.38,14.47,14.29,14.30,2348745
10-Mar-06,14.43,14.43,14.19,14.31,1500555
9-Mar-06,14.50,14.66,14.29,14.41,1613010
8-Mar-06,14.15,14.47,14.10,14.35,2576700
7-Mar-06,14.57,14.57,14.10,14.14,4408740
6-Mar-06,14.76,14.96,14.60,14.71,3200190
3-Mar-06,15.14,15.18,14.67,14.78,3629955
2-Mar-06,15.90,15.91,15.66,15.76,2637705
1-Mar-06,15.74,15.99,15.68,15.95,4234440
28-Feb-06,15.61,15.66,15.01,15.15,2760450
27-Feb-06,15.50,15.71,15.50,15.61,1265565
24-Feb-06,15.45,15.64,15.34,15.46,1794765
23-Feb-06,15.47,15.48,15.30,15.30,1959405
22-Feb-06,15.82,15.87,15.52,15.66,3352755
21-Feb-06,16.10,16.20,15.97,16.07,2212665
17-Feb-06,16.21,16.22,15.95,16.11,2632455
16-Feb-06,15.98,16.62,15.98,16.48,2757720
15-Feb-06,15.70,15.77,15.53,15.69,1100190
14-Feb-06,15.61,15.85,15.52,15.75,1384635
13-Feb-06,15.61,15.64,15.20,15.41,1205610
10-Feb-06,15.48,15.66,15.33,15.61,3485265
9-Feb-06,15.87,16.29,15.79,15.83,6079185
8-Feb-06,14.91,16.09,14.90,15.94,11740575
7-Feb-06,14.50,14.50,14.13,14.22,2647365
6-Feb-06,14.56,14.85,14.56,14.77,2118690
3-Feb-06,14.25,14.49,14.20,14.30,1322475
2-Feb-06,14.49,14.50,14.15,14.27,2413950
1-Feb-06,14.36,14.54,14.25,14.49,1150170
31-Jan-06,14.66,14.66,14.30,14.56,1739955
30-Jan-06,14.66,14.76,14.62,14.66,1271025
27-Jan-06,14.46,14.77,14.30,14.67,2413110
26-Jan-06,13.88,14.36,13.88,14.30,1883490
25-Jan-06,13.80,13.87,13.68,13.86,1258740
24-Jan-06,13.64,13.85,13.57,13.73,1677585
23-Jan-06,13.67,13.71,13.43,13.48,2251095
20-Jan-06,13.98,14.01,13.68,13.70,2562000
19-Jan-06,14.12,14.23,14.07,14.10,4178055
18-Jan-06,13.81,13.99,13.71,13.78,4407375
17-Jan-06,14.24,14.24,13.95,14.02,2602845
13-Jan-06,14.00,14.26,13.84,14.26,2990400
12-Jan-06,14.24,14.39,13.52,13.78,5864145
11-Jan-06,14.64,14.71,14.56,14.66,4197795
10-Jan-06,14.06,14.22,14.03,14.17,2168145
9-Jan-06,14.38,14.52,14.23,14.34,4757865
6-Jan-06,13.97,14.18,13.95,14.17,3307710
5-Jan-06,14.03,14.10,13.81,13.88,3605805
4-Jan-06,14.10,14.14,13.96,14.02,2490600
3-Jan-06,14.48,14.62,14.26,14.53,3639090
30-Dec-05,14.10,14.37,14.08,14.30,1534890
29-Dec-05,13.87,14.18,13.68,13.83,2249940
28-Dec-05,13.81,13.90,13.33,13.53,1622355
27-Dec-05,13.81,14.03,13.81,13.83,2654925
23-Dec-05,13.29,13.71,13.15,13.58,1597785
22-Dec-05,13.02,13.09,12.90,12.99,1437450
21-Dec-05,12.87,13.26,12.83,13.17,1508430
20-Dec-05,13.10,13.11,12.74,12.94,2831010
19-Dec-05,13.35,13.38,13.00,13.03,2623845
16-Dec-05,13.33,13.34,13.14,13.22,2521575
15-Dec-05,13.00,13.06,12.77,12.81,2868180
14-Dec-05,12.96,12.98,12.61,12.64,2505090
13-Dec-05,12.76,13.04,12.50,12.96,2637810
12-Dec-05,12.68,12.83,12.62,12.79,728175
9-Dec-05,12.70,12.86,12.55,12.65,1329195
8-Dec-05,12.86,13.03,12.71,12.72,1982715
7-Dec-05,12.77,12.94,12.74,12.78,2462040
6-Dec-05,12.90,12.91,12.62,12.78,5094285
5-Dec-05,13.87,13.88,13.15,13.34,4843020
2-Dec-05,13.86,14.05,13.80,13.91,2881305
1-Dec-05,13.79,14.12,13.79,14.05,3071985
30-Nov-05,13.55,14.07,13.55,13.76,2986935
29-Nov-05,13.57,13.67,13.50,13.53,1737435
28-Nov-05,13.71,13.85,13.56,13.67,2544360
25-Nov-05,12.95,13.51,12.92,13.51,1994790
23-Nov-05,12.71,12.84,12.48,12.75,1419390
22-Nov-05,12.84,12.84,12.61,12.67,2922255
21-Nov-05,13.03,13.17,12.99,13.11,1534995
18-Nov-05,13.09,13.13,12.98,13.09,1121820
17-Nov-05,12.79,13.03,12.67,13.03,1925700
16-Nov-05,12.80,12.89,12.76,12.82,1744155
15-Nov-05,12.72,13.02,12.71,12.80,1479870
14-Nov-05,13.12,13.15,12.95,13.00,1219680
11-Nov-05,13.23,13.31,13.17,13.28,2140530
10-Nov-05,13.02,13.10,12.88,13.06,2040780
9-Nov-05,12.86,13.21,12.81,13.11,2715405
8-Nov-05,12.47,12.70,12.30,12.67,4280325
7-Nov-05,12.42,12.50,12.37,12.49,1836345
4-Nov-05,12.79,12.80,12.39,12.44,2962260
3-Nov-05,12.37,13.03,12.34,12.79,6643980
2-Nov-05,11.98,12.34,11.94,12.30,2188305
1-Nov-05,12.06,12.10,11.96,12.05,1869630
31-Oct-05,11.92,12.18,11.91,12.14,2925405
28-Oct-05,11.15,11.42,11.14,11.41,2536695
27-Oct-05,11.05,11.13,10.86,10.86,1814190
26-Oct-05,11.01,11.12,10.96,11.05,2008230
25-Oct-05,11.00,11.24,10.80,10.89,2706165
24-Oct-05,10.99,11.24,10.96,11.23,1914780
21-Oct-05,10.87,11.00,10.82,10.92,2290785
20-Oct-05,10.67,10.71,10.43,10.48,2282805
19-Oct-05,10.19,10.53,10.10,10.49,4555845
18-Oct-05,10.48,10.56,10.35,10.41,2221380
17-Oct-05,10.61,10.70,10.46,10.56,3859170
14-Oct-05,11.01,11.06,10.54,10.86,6409095
13-Oct-05,10.79,11.05,10.75,10.93,1454355
12-Oct-05,11.14,11.22,10.71,10.85,4294815
11-Oct-05,12.10,12.10,11.21,11.41,5584530
10-Oct-05,12.12,12.14,11.90,11.93,983010
7-Oct-05,11.98,12.01,11.90,12.00,2292885
6-Oct-05,11.86,11.97,11.70,11.72,2269470
5-Oct-05,12.10,12.10,11.77,11.84,3529995
4-Oct-05,11.95,12.00,11.70,11.71,3554355
3-Oct-05,12.12,12.22,11.93,11.95,3009615
30-Sep-05,12.38,12.48,12.30,12.34,2170035
29-Sep-05,12.19,12.38,12.19,12.31,2901570
28-Sep-05,11.99,11.99,11.81,11.85,2934120
27-Sep-05,11.90,12.10,11.86,12.02,1721265
26-Sep-05,11.78,12.00,11.71,11.85,1344105
23-Sep-05,11.68,11.74,11.50,11.67,1474410
22-Sep-05,12.00,12.05,11.65,11.67,3405255
21-Sep-05,12.48,12.63,12.25,12.28,5339775
20-Sep-05,12.76,13.03,12.72,12.93,3203235
19-Sep-05,12.57,12.65,12.34,12.49,1617945
16-Sep-05,12.52,12.73,12.38,12.57,4317810
15-Sep-05,12.67,12.94,12.62,12.86,8465310
14-Sep-05,13.76,13.88,13.68,13.75,1237215
13-Sep-05,13.89,13.94,13.69,13.90,1449210
12-Sep-05,14.22,14.26,13.95,13.96,4490535
9-Sep-05,14.09,14.25,14.03,14.19,1318275
8-Sep-05,14.29,14.38,14.22,14.26,1382745
7-Sep-05,14.52,14.62,14.36,14.38,3108315
6-Sep-05,14.53,14.80,14.53,14.75,2418360
2-Sep-05,14.26,14.50,14.17,14.41,1722315
1-Sep-05,14.18,14.18,13.90,14.02,1350195
31-Aug-05,14.24,14.34,13.93,14.09,2496480
30-Aug-05,14.34,14.52,14.29,14.48,1462335
29-Aug-05,14.81,14.89,14.72,14.86,1669710
26-Aug-05,15.10,15.10,14.90,14.90,986475
25-Aug-05,15.07,15.08,14.99,15.07,1760430
24-Aug-05,14.90,14.95,14.70,14.77,1425480
23-Aug-05,14.96,14.97,14.81,14.85,923265
22-Aug-05,15.16,15.22,14.98,15.13,2018100
19-Aug-05,14.75,14.86,14.73,14.78,1186290
18-Aug-05,15.02,15.03,14.70,14.73,1491210
17-Aug-05,15.11,15.17,14.95,14.99,1037190
16-Aug-05,15.20,15.20,14.97,15.10,810810
15-Aug-05,15.26,15.43,15.10,15.36,812490
12-Aug-05,15.52,15.57,15.29,15.42,1011465
11-Aug-05,15.54,15.67,15.40,15.58,883680
10-Aug-05,15.59,15.80,15.43,15.50,865305
9-Aug-05,15.62,15.77,15.55,15.68,1768095
8-Aug-05,15.62,15.66,15.30,15.37,922530
5-Aug-05,15.67,15.70,15.40,15.53,916965
4-Aug-05,15.71,15.93,15.66,15.75,1148385
3-Aug-05,15.92,15.92,15.43,15.80,3663240
2-Aug-05,15.24,15.39,15.17,15.32,2524935
1-Aug-05,15.00,15.13,15.00,15.10,2272200
29-Jul-05,15.24,15.27,15.06,15.10,2841195
28-Jul-05,14.99,15.44,14.99,15.40,2509815
27-Jul-05,15.21,15.21,14.97,15.06,1784895
26-Jul-05,14.92,14.93,14.76,14.90,1245405
25-Jul-05,15.10,15.15,14.95,14.98,1529850
22-Jul-05,15.20,15.20,14.94,15.00,1320060
21-Jul-05,15.22,15.23,14.99,15.13,3933720
20-Jul-05,14.76,14.96,14.65,14.90,3500280
19-Jul-05,14.90,15.09,14.81,14.85,4821495
18-Jul-05,15.05,15.06,14.86,14.90,4534425
15-Jul-05,15.47,15.58,15.24,15.57,1935885
14-Jul-05,15.70,15.79,15.26,15.42,1856820
13-Jul-05,16.38,16.75,16.38,16.57,1481865
12-Jul-05,16.48,16.55,16.32,16.33,1166130
11-Jul-05,15.95,16.38,15.90,16.32,2673195
8-Jul-05,16.19,16.29,16.10,16.15,1812300
7-Jul-05,16.10,16.51,16.07,16.47,1454670
6-Jul-05,16.51,16.56,16.46,16.53,1023540
5-Jul-05,16.27,16.40,16.10,16.39,789600
1-Jul-05,16.45,16.62,16.42,16.59,705600
30-Jun-05,16.19,16.43,16.11,16.13,1283310
29-Jun-05,16.12,16.24,16.01,16.21,755265
28-Jun-05,16.01,16.28,16.01,16.26,1174320
27-Jun-05,16.04,16.12,15.91,16.05,1690605
24-Jun-05,16.38,16.43,16.05,16.10,1407105
23-Jun-05,16.92,17.03,16.34,16.57,1833300
22-Jun-05,17.13,17.29,16.98,17.10,909405
21-Jun-05,16.90,17.09,16.90,17.00,709065
20-Jun-05,17.22,17.30,17.09,17.16,1700475
17-Jun-05,17.31,17.41,17.17,17.28,1161195
16-Jun-05,17.03,17.40,17.02,17.24,2793105
15-Jun-05,16.90,16.91,16.55,16.70,1109010
14-Jun-05,16.62,16.63,16.43,16.55,1421175
13-Jun-05,16.72,16.88,16.65,16.70,963375
10-Jun-05,16.81,16.83,16.62,16.71,1195950
9-Jun-05,16.30,16.58,16.19,16.55,2632875
8-Jun-05,16.31,16.36,16.15,16.16,1141035
7-Jun-05,16.10,16.42,15.94,16.01,1477980
6-Jun-05,16.14,16.24,15.87,16.12,1849155
3-Jun-05,16.21,16.47,16.21,16.38,2477370
2-Jun-05,15.98,16.10,15.76,16.06,1994265
1-Jun-05,16.14,16.33,15.98,16.09,2095905
31-May-05,16.50,16.52,16.30,16.42,836325
27-May-05,16.42,16.69,16.34,16.52,1240680
26-May-05,16.22,16.41,16.11,16.37,1810935
25-May-05,16.20,16.25,16.06,16.11,753375
24-May-05,16.00,16.27,15.99,16.22,975030
23-May-05,16.03,16.16,15.88,16.03,1418655
20-May-05,15.97,16.19,15.91,16.15,571200
19-May-05,16.25,16.40,16.24,16.31,523845
18-May-05,15.83,16.28,15.82,16.18,1200570
17-May-05,16.02,16.04,15.78,15.87,1414350
16-May-05,15.81,16.09,15.71,16.04,2149875
13-May-05,16.48,16.81,16.43,16.79,1513470
12-May-05,16.38,16.42,16.21,16.22,1512210
11-May-05,16.00,16.26,15.96,16.23,1411095
10-May-05,16.35,16.49,16.18,16.24,2386650
9-May-05,16.68,17.00,16.58,16.90,1670865
6-May-05,16.67,16.70,16.40,16.46,1681575
5-May-05,16.10,16.70,16.10,16.52,5130825
4-May-05,15.33,15.80,15.33,15.76,1943760
3-May-05,15.30,15.46,15.21,15.33,1482705
2-May-05,15.52,15.52,15.40,15.46,1041495
29-Apr-05,15.10,15.52,14.99,15.45,2385705
28-Apr-05,15.24,15.41,15.12,15.14,1678320
27-Apr-05,14.96,15.10,14.70,14.98,2006970
26-Apr-05,14.92,15.35,14.86,15.23,4282740
25-Apr-05,14.30,14.67,14.30,14.67,933660
22-Apr-05,14.33,14.50,14.19,14.30,1176525
21-Apr-05,14.10,14.45,14.10,14.29,1132845
20-Apr-05,13.92,13.94,13.77,13.88,1998045
19-Apr-05,13.98,14.38,13.98,14.25,1429890
18-Apr-05,14.00,14.34,13.75,14.26,3183180
15-Apr-05,14.53,14.57,14.33,14.42,3599190
14-Apr-05,14.38,14.45,14.13,14.26,2082360
13-Apr-05,14.50,14.50,14.21,14.24,1599465
12-Apr-05,14.74,14.74,14.38,14.51,1381485
11-Apr-05,14.62,14.62,14.38,14.48,1383480
8-Apr-05,14.96,15.11,14.87,14.97,1708980
7-Apr-05,14.94,15.04,14.76,14.96,2439045
6-Apr-05,14.67,15.55,14.67,15.26,5210625
5-Apr-05,14.58,14.60,14.40,14.46,1174740
4-Apr-05,14.56,14.56,14.24,14.36,1674855
1-Apr-05,14.46,14.70,14.43,14.52,2258865
31-Mar-05,13.86,14.05,13.82,13.96,2931180
30-Mar-05,13.06,13.57,13.04,13.45,3727815
29-Mar-05,13.11,13.12,12.76,12.82,1591170
28-Mar-05,13.30,13.31,13.01,13.13,649005
24-Mar-05,13.28,13.41,13.24,13.37,1386630
23-Mar-05,13.10,13.30,13.06,13.16,1106280
22-Mar-05,13.03,13.15,12.96,12.97,1264200
21-Mar-05,12.85,12.87,12.63,12.80,1064385
18-Mar-05,13.05,13.06,12.82,12.94,1450785
17-Mar-05,13.03,13.16,12.90,13.13,718620
16-Mar-05,13.16,13.24,13.01,13.10,1338960
15-Mar-05,13.12,13.29,13.10,13.18,2122995
14-Mar-05,13.66,13.69,13.50,13.62,1413090
11-Mar-05,13.90,14.10,13.71,13.75,1731660
10-Mar-05,13.96,14.09,13.83,13.93,1356180
9-Mar-05,13.62,13.82,13.59,13.70,1391145
8-Mar-05,14.09,14.09,13.48,13.53,3905055
7-Mar-05,14.17,14.49,14.14,14.37,2013375
4-Mar-05,14.15,14.29,14.00,14.17,1789410
3-Mar-05,14.38,14.55,14.13,14.17,3011085
2-Mar-05,15.10,15.10,14.65,14.66,3617985
1-Mar-05,15.24,15.50,15.24,15.43,1891680
28-Feb-05,15.15,15.56,15.10,15.24,2695140
25-Feb-05,15.00,15.56,15.00,15.44,2605470
24-Feb-05,14.67,14.90,14.49,14.90,1605240
23-Feb-05,14.67,14.75,14.48,14.69,964215
22-Feb-05,14.71,14.86,14.34,14.57,2661435
18-Feb-05,14.90,14.97,14.71,14.86,2427180
17-Feb-05,14.35,14.81,13.81,14.59,3130785
16-Feb-05,14.86,15.14,14.86,15.10,1757280
15-Feb-05,15.03,15.10,14.76,15.06,2920575
14-Feb-05,15.25,15.25,14.95,15.07,2457945
11-Feb-05,15.52,15.52,15.28,15.41,1922235
10-Feb-05,15.35,15.60,15.25,15.56,1249290
9-Feb-05,15.70,15.81,15.11,15.39,2220960
8-Feb-05,15.55,15.76,15.43,15.68,1307040
7-Feb-05,15.52,15.71,15.34,15.70,1688820
4-Feb-05,14.78,15.67,14.77,15.55,3805410
3-Feb-05,14.46,14.73,14.46,14.72,2170665
2-Feb-05,14.57,14.60,14.32,14.43,1534155
1-Feb-05,14.48,14.66,14.38,14.64,3536820
31-Jan-05,14.29,14.96,14.20,14.73,7060620
28-Jan-05,13.45,13.78,13.41,13.66,2343600
27-Jan-05,13.33,13.40,13.25,13.28,1734600
26-Jan-05,13.48,13.48,13.22,13.42,1337595
25-Jan-05,13.16,13.34,13.16,13.27,1973475
24-Jan-05,13.33,13.34,12.90,12.91,2287530
21-Jan-05,13.43,13.62,13.38,13.56,3879120
20-Jan-05,13.33,13.43,13.29,13.34,2436000
19-Jan-05,13.52,13.52,13.06,13.18,2476530
18-Jan-05,13.24,13.62,13.10,13.61,3053085
14-Jan-05,12.35,13.16,12.35,13.04,4238115
13-Jan-05,12.30,12.33,12.10,12.12,2110080
12-Jan-05,12.38,12.46,12.26,12.45,1777650
11-Jan-05,12.60,12.62,12.45,12.55,1287090
10-Jan-05,12.38,12.66,12.29,12.51,1273965
7-Jan-05,12.51,12.51,12.11,12.26,2010960
6-Jan-05,12.68,12.84,12.38,12.52,1462020
5-Jan-05,12.71,12.78,12.58,12.71,1256325
4-Jan-05,12.90,12.95,12.59,12.69,1575315
3-Jan-05,13.29,13.31,12.81,12.89,2068185
31-Dec-04,13.50,13.66,13.48,13.64,945840
30-Dec-04,13.57,13.62,13.34,13.44,811125
29-Dec-04,13.49,13.81,13.49,13.70,1754445
28-Dec-04,13.29,13.42,13.29,13.38,1085070
27-Dec-04,13.11,13.33,13.09,13.32,986685
23-Dec-04,12.86,13.09,12.86,13.07,1563450
22-Dec-04,12.86,12.94,12.74,12.91,1897875
21-Dec-04,13.29,13.29,12.87,13.05,2186730
20-Dec-04,13.16,13.36,13.10,13.14,1438395
17-Dec-04,13.34,13.40,13.19,13.31,1606080
16-Dec-04,13.48,13.62,13.30,13.48,1754235
15-Dec-04,13.30,13.62,13.30,13.48,3957975
14-Dec-04,12.69,12.79,12.51,12.60,1171275
13-Dec-04,12.38,12.67,12.36,12.66,2407755
10-Dec-04,12.19,12.23,12.05,12.21,1525335
9-Dec-04,11.95,12.15,11.80,12.15,2120370
8-Dec-04,12.00,12.11,11.79,11.98,2730630
7-Dec-04,12.33,12.45,12.22,12.23,1732185
6-Dec-04,12.30,12.39,12.20,12.36,1492365
3-Dec-04,12.42,12.43,12.25,12.32,1420125
2-Dec-04,12.70,12.70,12.31,12.34,2680020
1-Dec-04,12.51,12.74,12.43,12.70,3211320
30-Nov-04,12.39,12.57,12.30,12.50,4536735
29-Nov-04,12.48,12.58,12.33,12.46,2717295
26-Nov-04,12.24,12.51,12.23,12.32,2786175
24-Nov-04,11.86,12.14,11.86,12.13,2063040
23-Nov-04,11.53,11.62,11.46,11.51,2235030
22-Nov-04,11.43,11.59,11.37,11.50,2037945
19-Nov-04,12.08,12.24,11.75,11.91,1926120
18-Nov-04,12.19,12.27,12.01,12.19,1628130
17-Nov-04,11.76,12.46,11.76,12.32,7520205
16-Nov-04,11.10,11.10,10.96,11.04,1041705
15-Nov-04,11.11,11.14,10.96,11.12,1891260
12-Nov-04,10.92,11.12,10.87,11.10,2289735
11-Nov-04,10.63,10.77,10.57,10.73,1218945
10-Nov-04,10.71,10.76,10.57,10.62,1083390
9-Nov-04,10.48,10.60,10.44,10.60,2128665
8-Nov-04,10.48,10.48,10.31,10.43,2096010
5-Nov-04,10.48,10.84,10.53,10.75,3146535
4-Nov-04,10.01,10.51,10.19,10.48,3068100
3-Nov-04,10.00,10.33,9.98,10.08,4483920
2-Nov-04,9.64,9.86,9.67,9.81,4035360
1-Nov-04,9.52,9.56,9.28,9.30,5345025
29-Oct-04,10.00,10.10,9.90,10.00,1593060
28-Oct-04,10.22,10.38,10.00,10.10,1736700
27-Oct-04,9.76,10.26,9.58,10.24,8477175
26-Oct-04,10.52,10.55,10.33,10.34,3712485
25-Oct-04,11.02,11.10,10.79,11.00,1170015
22-Oct-04,11.47,11.47,11.07,11.08,1400910
21-Oct-04,11.31,11.48,11.10,11.48,2591400
20-Oct-04,11.29,11.34,11.17,11.28,1100505
19-Oct-04,11.62,11.61,11.39,11.44,1846215
18-Oct-04,11.14,11.26,10.96,11.20,2367120
15-Oct-04,11.33,11.43,11.19,11.30,2317035
14-Oct-04,11.40,11.43,11.21,11.33,2141475
13-Oct-04,11.50,11.70,11.29,11.36,2153340
12-Oct-04,9.97,10.03,9.74,10.03,4909200
11-Oct-04,12.43,12.43,11.79,11.90,4099515
8-Oct-04,12.81,12.88,12.53,12.54,2141160
7-Oct-04,11.51,11.79,11.21,11.28,5028000
6-Oct-04,12.82,13.14,12.82,13.12,2807490
5-Oct-04,12.75,12.89,12.52,12.80,2278815
4-Oct-04,12.38,12.81,12.60,12.76,3386040
1-Oct-04,11.95,12.32,11.92,12.29,2891280
30-Sep-04,10.55,10.80,10.30,10.40,5345400
29-Sep-04,12.95,12.90,12.65,12.78,1695540
28-Sep-04,13.14,12.90,12.65,12.90,1380540
27-Sep-04,13.13,13.17,12.60,12.71,2409645
24-Sep-04,13.43,13.55,13.07,13.28,1919505
23-Sep-04,11.32,11.86,11.26,11.86,3849300
22-Sep-04,13.14,13.28,12.81,12.86,2299290
21-Sep-04,12.67,13.13,12.63,13.03,3265815
20-Sep-04,12.43,12.71,12.41,12.50,2145255
17-Sep-04,12.71,12.86,12.58,12.70,1616895
16-Sep-04,10.74,11.07,10.72,11.05,3083700
15-Sep-04,12.26,12.26,11.90,11.97,2395995
14-Sep-04,12.31,12.46,12.23,12.40,1169595
13-Sep-04,12.34,12.46,12.20,12.20,1890000
10-Sep-04,12.12,12.38,12.00,12.31,2005185
9-Sep-04,10.53,10.82,10.47,10.76,2339100
8-Sep-04,11.80,12.02,11.79,11.83,1626765
7-Sep-04,12.22,12.37,12.00,12.06,1631490
3-Sep-04,12.38,12.43,12.14,12.16,2061150
2-Sep-04,11.21,11.30,10.94,11.17,2551300
1-Sep-04,12.38,12.53,12.28,12.42,3927210
31-Aug-04,11.89,12.06,11.74,11.80,2452695
30-Aug-04,12.29,12.57,11.69,12.15,4203150
27-Aug-04,12.98,13.01,12.67,12.69,2404605
26-Aug-04,11.01,11.34,11.01,11.32,4173000
25-Aug-04,11.79,12.73,11.79,12.62,4662000
24-Aug-04,12.14,12.24,11.95,11.97,1532265
23-Aug-04,12.38,12.39,11.95,12.05,2206155
20-Aug-04,12.18,12.40,12.14,12.38,2386755
19-Aug-04,10.67,10.72,10.38,10.58,4871100
18-Aug-04,11.31,11.90,11.19,11.87,5026455
17-Aug-04,10.81,10.90,10.72,10.80,2107665
16-Aug-04,10.61,10.76,10.51,10.67,1456665
13-Aug-04,10.70,10.86,10.62,10.65,936495
12-Aug-04,9.30,9.39,9.26,9.32,2096800
11-Aug-04,10.81,10.86,10.50,10.72,2989875
10-Aug-04,10.86,11.18,10.77,11.18,2122785
9-Aug-04,10.66,10.91,10.64,10.73,1661205
6-Aug-04,10.86,10.90,10.67,10.80,2783130
5-Aug-04,9.65,9.83,9.56,9.57,5631600
4-Aug-04,10.81,10.81,10.00,10.69,2448495
3-Aug-04,10.81,10.83,10.53,10.62,2035740
2-Aug-04,10.78,10.79,10.38,10.55,3261825
30-Jul-04,11.14,11.30,11.01,11.19,1812615
29-Jul-04,9.59,9.91,9.59,9.87,2755800
28-Jul-04,11.31,11.31,11.00,11.13,3694110
27-Jul-04,11.05,11.58,11.03,11.58,5653725
26-Jul-04,10.62,11.08,10.48,10.66,6201090
23-Jul-04,11.34,11.50,10.72,10.89,6793500
22-Jul-04,9.59,10.33,9.34,10.20,10048600
21-Jul-04,12.03,12.08,11.16,11.33,7207410
20-Jul-04,11.52,12.01,11.19,11.95,10098165
19-Jul-04,12.49,12.86,11.53,11.77,12113115
16-Jul-04,13.06,13.20,12.67,12.83,3357375
15-Jul-04,11.80,11.84,11.39,11.43,4166600
14-Jul-04,14.10,14.10,13.44,13.48,3341205
13-Jul-04,14.23,14.33,14.14,14.28,1679265
12-Jul-04,14.71,14.71,14.30,14.43,1537935
9-Jul-04,14.90,15.04,14.70,14.74,2852430
8-Jul-04,12.79,12.96,12.46,12.52,2335600
7-Jul-04,14.38,14.74,14.35,14.69,3326820
6-Jul-04,14.57,14.57,14.01,14.07,3920490
2-Jul-04,15.02,15.18,14.62,14.75,2334255
1-Jul-04,13.62,13.62,13.08,13.10,3440500
30-Jun-04,15.37,15.64,15.24,15.56,2707530
29-Jun-04,15.29,15.62,15.11,15.41,2117745
28-Jun-04,15.95,15.95,15.29,15.34,3839430
25-Jun-04,15.71,16.03,15.51,15.75,3780000
24-Jun-04,13.86,14.11,13.64,13.70,5528600
23-Jun-04,15.36,15.83,15.20,15.71,5858055
22-Jun-04,14.62,15.19,14.48,15.11,4767525
21-Jun-04,15.10,15.10,14.41,14.51,7149660
18-Jun-04,15.59,15.86,15.05,15.21,9466170
17-Jun-04,14.37,14.62,13.87,13.94,8240500
16-Jun-04,16.87,16.87,16.21,16.25,2400090
15-Jun-04,16.67,17.21,16.67,16.87,4912320
14-Jun-04,16.15,16.19,15.55,16.19,7022610
10-Jun-04,15.97,15.97,14.50,14.77,11154000
9-Jun-04,19.08,19.08,18.34,18.43,2426340
8-Jun-04,19.41,19.41,18.86,18.91,3472980
7-Jun-04,19.24,19.62,18.90,19.62,4627035
4-Jun-04,18.81,18.81,18.15,18.41,3928575
3-Jun-04,15.74,15.98,15.58,15.63,6012600
2-Jun-04,19.10,19.25,18.68,18.75,4954005
1-Jun-04,19.10,19.76,18.90,19.45,5469030
28-May-04,21.48,21.48,20.24,20.34,4102980
27-May-04,21.44,21.44,21.44,21.44,0
26-May-04,22.40,22.80,22.14,22.50,2707005
25-May-04,21.05,22.37,20.96,22.24,3572940
24-May-04,20.56,21.05,20.38,20.94,2343390
21-May-04,20.00,20.35,19.84,20.19,2074695
20-May-04,19.30,19.30,19.30,19.30,0
19-May-04,19.64,20.86,19.84,19.89,3532410
18-May-04,19.05,19.46,18.69,19.24,2771580
17-May-04,18.10,18.79,17.86,18.37,3718785
14-May-04,19.60,19.62,19.25,19.33,2316090
13-May-04,20.10,20.10,20.10,20.10,0
12-May-04,16.92,20.37,19.08,20.23,2816310
11-May-04,16.35,20.46,19.52,20.20,3245025
10-May-04,16.41,20.05,18.49,19.01,5565000
7-May-04,17.00,21.24,20.28,20.44,2725695
6-May-04,20.58,20.58,20.58,20.58,0
5-May-04,17.79,21.68,20.14,21.43,4344795
4-May-04,18.11,22.47,21.24,22.00,5018265
3-May-04,17.35,20.95,20.07,20.86,3835755
30-Apr-04,17.08,21.38,19.53,20.46,7036050
29-Apr-04,21.10,21.10,21.10,21.10,0
28-Apr-04,19.77,24.76,22.93,23.24,5100585
27-Apr-04,20.52,25.08,23.76,23.90,5729325
26-Apr-04,21.31,25.86,25.00,25.67,5135760
23-Apr-04,19.93,24.71,23.33,24.38,3735795
22-Apr-04,23.15,23.15,23.15,23.15,0
21-Apr-04,19.93,24.70,23.86,24.40,2911650
20-Apr-04,21.52,26.00,23.33,23.76,8232945
19-Apr-04,21.57,26.99,25.98,26.60,2814735
16-Apr-04,21.59,26.90,25.24,26.29,4601940
15-Apr-04,24.84,24.84,24.84,24.84,0
14-Apr-04,19.77,27.10,23.48,25.90,8213205
13-Apr-04,19.30,23.41,22.69,23.12,3635625
12-Apr-04,18.98,23.13,22.48,22.99,3373650
8-Apr-04,21.73,21.73,21.73,21.73,0
7-Apr-04,16.77,21.70,20.51,21.62,2815365
6-Apr-04,17.04,20.65,19.52,20.46,2219385
5-Apr-04,17.48,20.90,20.14,20.41,3593205
2-Apr-04,16.92,20.97,19.52,19.62,4825380
1-Apr-04,20.61,20.61,20.61,20.61,0
31-Mar-04,16.56,20.05,19.57,19.90,2168565
30-Mar-04,16.01,20.05,18.98,20.05,4774980
29-Mar-04,15.13,18.80,18.33,18.65,2773785
26-Mar-04,14.20,17.28,16.97,17.17,1080765
25-Mar-04,17.10,17.10,17.10,17.10,0
24-Mar-04,14.20,17.43,16.90,17.30,1301790
23-Mar-04,14.16,17.48,16.90,17.19,2934855
22-Mar-04,14.24,16.76,15.88,16.25,4744950
19-Mar-04,14.67,18.24,17.71,17.77,2350845
18-Mar-04,18.43,18.43,18.43,18.43,0
17-Mar-04,14.23,17.19,16.81,17.05,1730715
16-Mar-04,14.03,17.00,16.48,16.90,2565780
15-Mar-04,14.27,17.05,16.45,16.50,3563385
12-Mar-04,14.44,17.89,17.29,17.75,2039730
11-Mar-04,17.29,17.29,17.29,17.29,0
10-Mar-04,14.71,17.95,17.14,17.21,2820405
9-Mar-04,14.27,17.98,17.44,17.75,3542070
8-Mar-04,14.76,18.30,17.11,17.20,2073645
5-Mar-04,15.03,17.75,17.11,17.54,3946740
4-Mar-04,17.95,17.95,17.95,17.95,0
3-Mar-04,14.08,17.10,16.76,16.88,1587915
2-Mar-04,14.30,17.33,16.77,16.82,2915535
1-Mar-04,14.24,17.35,16.95,17.23,3737580
27-Feb-04,13.48,16.72,16.10,16.38,4908645
26-Feb-04,16.00,16.00,16.00,16.00,0
25-Feb-04,12.49,15.91,15.12,15.90,4759020
24-Feb-04,12.13,14.71,14.46,14.71,1529220
23-Feb-04,12.62,15.11,14.48,14.61,2317980
20-Feb-04,12.40,14.94,14.68,14.89,3054870
19-Feb-04,14.53,14.53,14.53,14.53,0
18-Feb-04,12.17,14.46,14.14,14.24,2691360
17-Feb-04,11.57,14.29,13.81,13.90,2319975
13-Feb-04,11.29,13.95,13.29,13.48,4508070
12-Feb-04,13.00,13.00,13.00,13.00,0
11-Feb-04,11.22,13.43,13.10,13.29,3978345
10-Feb-04,12.26,14.29,13.33,13.51,6947430
9-Feb-04,11.86,14.86,14.63,14.66,2043300
6-Feb-04,12.37,15.23,14.48,14.57,4460610
5-Feb-04,14.74,14.74,14.74,14.74,0
4-Feb-04,11.72,14.02,13.62,13.79,1847475
3-Feb-04,11.63,14.26,13.81,14.02,1187130
2-Feb-04,12.06,14.49,14.06,14.09,1540770
30-Jan-04,11.86,14.48,14.10,14.38,1935150
29-Jan-04,14.03,14.03,14.03,14.03,0
28-Jan-04,12.02,15.25,14.52,14.74,6610590
27-Jan-04,11.02,14.29,13.71,14.17,5891865
26-Jan-04,11.35,13.40,13.15,13.27,1915620
23-Jan-04,11.35,13.67,13.33,13.38,1750455
22-Jan-04,13.64,13.64,13.64,13.64,0
21-Jan-04,11.20,13.81,13.25,13.68,2702595
20-Jan-04,11.66,13.81,13.24,13.39,1775760
16-Jan-04,10.68,13.32,12.76,13.19,2633295
15-Jan-04,10.57,12.81,12.53,12.68,1408785
14-Jan-04,10.60,12.90,12.52,12.80,2295090
13-Jan-04,10.68,13.18,12.52,12.57,3743250
12-Jan-04,10.87,13.10,12.77,12.88,5528775
9-Jan-04,10.83,13.05,12.50,12.59,7204470
8-Jan-04,12.44,12.44,12.44,12.44,0
7-Jan-04,9.96,12.04,11.87,11.90,639765
6-Jan-04,9.96,12.00,11.79,11.88,1247085
5-Jan-04,10.20,12.29,11.95,12.29,2470125
2-Jan-04,9.55,12.24,11.67,12.03,2246580
31-Dec-03,9.37,11.48,11.29,11.35,1178415
30-Dec-03,11.21,11.21,11.21,11.21,0
29-Dec-03,9.27,11.19,11.10,11.14,693840
26-Dec-03,9.39,11.31,11.06,11.07,156240
24-Dec-03,9.41,11.37,11.23,11.29,128100
23-Dec-03,9.29,11.33,11.14,11.29,668640
22-Dec-03,9.29,11.19,11.02,11.12,664440
19-Dec-03,9.09,11.04,10.81,10.90,606795
18-Dec-03,11.04,11.04,11.04,11.04,0
17-Dec-03,9.47,11.29,10.67,10.86,984375
16-Dec-03,9.69,11.76,11.58,11.63,257565
15-Dec-03,9.89,11.94,11.71,11.71,484470
12-Dec-03,9.75,11.81,11.67,11.70,633045
11-Dec-03,11.79,11.79,11.79,11.79,0
10-Dec-03,9.53,11.52,11.29,11.34,1065645
9-Dec-03,9.75,11.83,11.42,11.44,1030890
8-Dec-03,9.86,11.90,11.63,11.78,854805
5-Dec-03,10.00,12.22,12.01,12.13,2722020
4-Dec-03,12.17,12.17,12.17,12.17,0
3-Dec-03,10.08,12.37,11.77,12.10,3389820
2-Dec-03,9.73,11.72,11.62,11.69,864990
1-Dec-03,9.77,11.90,11.72,11.90,845250
28-Nov-03,9.61,11.62,11.46,11.57,462840
26-Nov-03,9.33,11.43,11.14,11.39,1753500
25-Nov-03,9.29,11.31,11.18,11.19,937965
24-Nov-03,11.26,11.26,11.26,11.26,0
21-Nov-03,9.17,11.07,10.86,11.05,1638000
20-Nov-03,10.68,10.68,10.68,10.68,0
19-Nov-03,9.17,11.05,10.64,10.79,1657950
18-Nov-03,9.73,11.79,11.33,11.38,866985
17-Nov-03,9.95,11.99,11.78,11.86,675465
14-Nov-03,10.24,12.41,12.23,12.37,441315
13-Nov-03,12.36,12.36,12.36,12.36,0
12-Nov-03,10.34,12.48,12.30,12.48,1008105
11-Nov-03,10.49,12.80,12.61,12.67,279195
10-Nov-03,10.87,13.15,12.86,12.90,160755
7-Nov-03,10.76,13.29,12.95,13.14,521430
6-Nov-03,12.80,12.80,12.80,12.80,0
5-Nov-03,10.44,12.71,12.51,12.67,717885
4-Nov-03,10.60,12.76,12.52,12.54,1114213
3-Nov-03,10.82,13.33,13.00,13.00,639173
31-Oct-03,10.72,12.96,12.78,12.93,979860
30-Oct-03,13.48,13.48,13.48,13.48,0
29-Oct-03,11.43,13.90,13.71,13.90,407085
28-Oct-03,11.55,13.95,13.71,13.92,363825
27-Oct-03,11.63,14.05,13.90,14.00,502845
24-Oct-03,11.28,13.78,13.45,13.76,373380
23-Oct-03,11.31,13.83,13.43,13.71,770910
22-Oct-03,13.79,13.79,13.79,13.79,0
21-Oct-03,11.35,14.19,13.67,14.10,1935675
20-Oct-03,11.19,13.62,13.39,13.52,375585
17-Oct-03,11.31,13.64,13.43,13.48,408765
16-Oct-03,13.60,13.60,13.60,13.60,0
15-Oct-03,10.74,13.19,12.93,13.02,962850
14-Oct-03,10.68,12.93,12.72,12.88,824775
13-Oct-03,10.64,12.94,12.78,12.88,655410
10-Oct-03,10.68,12.98,12.80,12.90,485520
9-Oct-03,12.88,12.88,12.88,12.88,0
8-Oct-03,10.32,12.45,12.34,12.36,354690
7-Oct-03,10.53,12.71,12.63,12.71,626010
6-Oct-03,10.68,13.00,12.81,12.90,630315
3-Oct-03,10.69,13.27,12.88,13.10,478170
2-Oct-03,12.68,12.68,12.68,12.68,0
1-Oct-03,10.18,12.52,12.24,12.47,352275
30-Sep-03,10.32,12.43,12.14,12.15,634830
29-Sep-03,10.08,12.52,12.14,12.49,254520
26-Sep-03,10.14,12.26,12.02,12.11,538440
25-Sep-03,12.23,12.23,12.23,12.23,0
24-Sep-03,10.90,13.12,12.62,12.62,693945
23-Sep-03,10.82,13.23,13.00,13.16,1054095
22-Sep-03,11.06,13.04,12.76,12.81,623595
19-Sep-03,11.27,13.57,13.28,13.50,513240
18-Sep-03,13.89,13.89,13.89,13.89,0
17-Sep-03,10.48,12.85,12.50,12.58,278775
16-Sep-03,10.48,12.90,12.56,12.90,374430
15-Sep-03,10.49,12.65,12.48,12.52,302295
12-Sep-03,10.13,12.70,12.05,12.49,1392405
11-Sep-03,10.16,12.43,12.19,12.30,668430
10-Sep-03,10.20,12.29,12.01,12.05,389865
9-Sep-03,10.50,12.28,12.00,12.01,1610595
8-Sep-03,10.48,12.76,12.52,12.69,961065
5-Sep-03,10.28,12.22,12.01,12.01,768600
4-Sep-03,10.08,12.46,12.11,12.39,1493520
3-Sep-03,10.27,12.42,12.10,12.10,1220520
2-Sep-03,10.60,12.99,12.75,12.99,891240
29-Aug-03,10.52,13.05,12.67,12.90,578655
28-Aug-03,10.16,12.28,11.96,12.20,835065
27-Aug-03,10.00,12.33,12.03,12.24,1407735
26-Aug-03,9.86,12.17,11.73,12.17,919380
25-Aug-03,10.48,12.64,12.39,12.56,254100
22-Aug-03,11.23,13.81,12.58,12.70,1567860
21-Aug-03,10.08,13.10,12.14,13.07,1754550
20-Aug-03,9.45,11.62,11.38,11.53,415170
19-Aug-03,9.55,11.52,11.30,11.50,779310
18-Aug-03,9.69,12.04,11.67,11.92,470505
15-Aug-03,10.00,12.05,11.76,11.84,403725
14-Aug-03,9.69,11.89,11.43,11.69,695625
13-Aug-03,9.48,11.88,11.29,11.70,829290
12-Aug-03,8.66,10.85,10.43,10.76,294735
11-Aug-03,8.50,10.38,10.24,10.38,436800
8-Aug-03,8.23,10.10,9.83,10.08,337260
7-Aug-03,8.15,10.00,9.57,9.91,456015
6-Aug-03,7.71,9.81,9.29,9.76,1597785
5-Aug-03,7.47,9.00,8.76,8.76,78015
4-Aug-03,7.56,9.19,9.00,9.10,158340
1-Aug-03,7.59,9.14,8.95,9.11,100170
31-Jul-03,7.43,9.04,8.81,8.86,159285
30-Jul-03,7.24,8.88,8.67,8.71,37485
29-Jul-03,7.43,9.03,8.65,8.71,443835
28-Jul-03,7.47,9.00,8.85,8.93,21105
25-Jul-03,7.51,9.14,8.90,9.14,42630
24-Jul-03,7.50,9.03,8.91,8.99,148155
23-Jul-03,7.06,8.58,8.48,8.55,196245
22-Jul-03,7.10,8.57,8.50,8.56,223125
21-Jul-03,7.12,8.61,8.50,8.55,207690
18-Jul-03,7.39,8.95,8.81,8.95,449925
17-Jul-03,7.39,8.90,8.45,8.56,246330
16-Jul-03,7.49,9.29,9.02,9.11,620445
15-Jul-03,7.39,8.90,8.71,8.85,275205
14-Jul-03,7.12,8.90,8.57,8.86,349020
11-Jul-03,6.88,8.52,8.29,8.50,1039605
10-Jul-03,6.72,8.10,7.90,7.92,667800
9-Jul-03,7.01,8.47,8.29,8.38,1053780
8-Jul-03,6.86,8.46,8.27,8.44,1560300
7-Jul-03,6.60,8.16,7.90,8.15,592725
3-Jul-03,6.01,7.24,6.95,7.05,95865
2-Jul-03,5.81,7.43,6.90,7.43,147525
1-Jul-03,5.50,7.09,6.86,7.00,302295
30-Jun-03,5.24,6.67,6.57,6.59,167055
27-Jun-03,5.26,6.69,6.57,6.57,51660
26-Jun-03,5.19,6.76,6.57,6.75,154875
25-Jun-03,5.26,6.75,6.52,6.66,560070
24-Jun-03,5.13,6.57,6.50,6.55,175245
23-Jun-03,5.19,6.57,6.41,6.47,100695
20-Jun-03,5.59,7.07,6.89,6.90,536970
19-Jun-03,5.55,7.18,6.99,7.08,286020
18-Jun-03,5.26,6.67,6.60,6.60,46830
17-Jun-03,5.31,6.71,6.61,6.67,297360
16-Jun-03,5.16,6.57,6.38,6.57,74760
13-Jun-03,5.29,6.69,6.52,6.61,1438500
12-Jun-03,5.31,6.71,6.57,6.62,208425
11-Jun-03,5.19,6.67,6.38,6.67,277935
10-Jun-03,5.29,6.77,6.68,6.70,476490
9-Jun-03,5.10,6.66,6.46,6.64,97755
6-Jun-03,4.99,6.56,6.31,6.42,480375
5-Jun-03,5.03,6.40,6.29,6.30,106575
4-Jun-03,5.01,6.55,6.33,6.54,405405
3-Jun-03,4.86,6.49,6.11,6.47,463365
2-Jun-03,5.16,6.67,6.40,6.55,740250
30-May-03,4.63,6.43,5.86,6.33,756945
29-May-03,4.44,5.70,5.57,5.70,123690
28-May-03,4.38,5.65,5.43,5.57,364140
27-May-03,4.37,5.70,5.38,5.67,249480
23-May-03,4.07,5.33,5.14,5.29,555555
22-May-03,3.99,5.20,4.95,5.14,350175
21-May-03,3.85,4.95,4.87,4.95,35805
20-May-03,3.99,5.05,4.86,4.86,34125
19-May-03,3.93,4.97,4.82,4.82,91140
16-May-03,3.92,5.19,4.95,5.10,69720
15-May-03,4.04,5.29,5.10,5.26,33180
14-May-03,4.21,5.32,5.17,5.18,88410
13-May-03,4.10,5.29,5.19,5.23,51870
12-May-03,3.93,5.12,4.97,5.11,118860
9-May-03,3.82,4.98,4.83,4.95,78330
8-May-03,3.84,4.86,4.79,4.81,49980
7-May-03,4.01,5.09,4.95,4.97,30450
6-May-03,3.92,5.12,4.94,5.06,225120
5-May-03,3.90,4.93,4.81,4.86,48825
2-May-03,3.83,4.95,4.85,4.92,47670
1-May-03,3.84,4.95,4.86,4.89,31185
30-Apr-03,3.95,5.00,4.95,4.95,59640
29-Apr-03,4.01,5.14,5.07,5.14,56490
28-Apr-03,3.99,5.13,5.05,5.11,119595
25-Apr-03,4.21,5.33,5.29,5.31,92400
24-Apr-03,4.29,5.51,5.38,5.38,78855
23-Apr-03,4.46,5.66,5.62,5.62,10920
22-Apr-03,4.50,5.70,5.62,5.63,7350
21-Apr-03,4.43,5.80,5.60,5.72,15855
17-Apr-03,4.43,5.67,5.57,5.60,53760
16-Apr-03,4.43,5.67,5.60,5.60,111090
15-Apr-03,4.35,5.65,5.50,5.61,23940
14-Apr-03,4.40,5.58,5.45,5.56,9870
11-Apr-03,4.55,5.75,5.63,5.67,85785
10-Apr-03,4.40,5.74,5.52,5.71,83790
9-Apr-03,4.43,5.60,5.48,5.48,30660
8-Apr-03,4.52,5.72,5.63,5.64,35175
7-Apr-03,4.52,5.87,5.71,5.81,244650
4-Apr-03,4.40,5.66,5.53,5.62,10185
3-Apr-03,4.29,5.51,5.43,5.47,21945
2-Apr-03,4.23,5.52,5.35,5.52,51765
1-Apr-03,4.25,5.41,5.30,5.33,17955
31-Mar-03,4.26,5.39,5.29,5.38,59535
28-Mar-03,4.35,5.57,5.48,5.57,66885
27-Mar-03,4.43,5.62,5.52,5.57,87780
26-Mar-03,4.40,5.63,5.56,5.57,81690
25-Mar-03,4.53,5.73,5.67,5.67,79275
24-Mar-03,4.60,5.83,5.71,5.74,6930
21-Mar-03,4.73,6.00,5.86,6.00,217350
20-Mar-03,4.68,6.00,5.92,5.96,47145
19-Mar-03,4.77,6.05,5.86,5.90,32655
18-Mar-03,4.77,6.05,5.95,6.05,213675
17-Mar-03,4.33,5.73,5.45,5.73,29400
14-Mar-03,4.46,5.75,5.62,5.69,60165
13-Mar-03,4.55,5.76,5.53,5.69,133560
12-Mar-03,4.31,5.46,5.40,5.43,790545
11-Mar-03,4.29,5.44,5.32,5.33,395010
10-Mar-03,4.40,5.58,5.49,5.49,204120
7-Mar-03,4.46,5.71,5.62,5.67,233940
6-Mar-03,4.56,5.77,5.74,5.75,10920
5-Mar-03,4.62,5.90,5.78,5.80,128520
4-Mar-03,4.90,6.21,6.15,6.21,6720
3-Mar-03,4.99,6.38,6.30,6.30,70665
28-Feb-03,4.91,6.25,6.18,6.19,61005
27-Feb-03,4.82,6.28,6.05,6.28,24150
26-Feb-03,5.00,6.32,6.20,6.20,39270
25-Feb-03,5.01,6.34,6.25,6.33,169890
24-Feb-03,5.28,6.68,6.53,6.53,119175
21-Feb-03,5.25,6.66,6.57,6.65,47565
20-Feb-03,5.23,6.71,6.62,6.71,166635
19-Feb-03,5.14,6.50,6.36,6.40,299670
18-Feb-03,5.04,6.53,6.38,6.50,15540
14-Feb-03,5.16,6.52,6.42,6.47,84945
13-Feb-03,5.27,6.71,6.44,6.54,295050
12-Feb-03,5.21,6.69,6.52,6.61,88725
11-Feb-03,5.16,6.52,6.49,6.50,89565
10-Feb-03,5.10,6.61,6.45,6.52,94605
7-Feb-03,5.13,6.50,6.35,6.35,727545
6-Feb-03,4.89,6.19,6.08,6.08,2415
5-Feb-03,4.78,6.19,6.05,6.14,216405
4-Feb-03,4.82,6.12,6.05,6.08,323505
3-Feb-03,4.81,6.24,6.06,6.19,250005
31-Jan-03,4.71,6.08,5.95,6.08,51870
30-Jan-03,4.86,6.14,6.01,6.02,67620
29-Jan-03,4.83,6.15,5.95,6.08,34020
28-Jan-03,4.82,6.19,6.09,6.15,180390
27-Jan-03,4.74,6.01,5.91,5.95,132405
24-Jan-03,4.71,6.10,5.95,6.01,66255
23-Jan-03,4.83,6.35,6.10,6.30,109305
22-Jan-03,4.92,6.22,6.07,6.07,5880
21-Jan-03,4.98,6.35,6.28,6.29,268905
17-Jan-03,5.20,6.58,6.31,6.31,145635
16-Jan-03,5.32,6.77,6.57,6.62,86520
15-Jan-03,5.48,6.95,6.76,6.82,169890
14-Jan-03,5.55,7.05,6.90,7.03,51240
13-Jan-03,5.53,7.04,6.88,7.02,385560
10-Jan-03,5.38,6.81,6.57,6.63,54495
9-Jan-03,5.23,6.81,6.62,6.81,696885
8-Jan-03,5.07,6.43,6.34,6.34,22575
7-Jan-03,5.01,6.38,6.31,6.35,244545
6-Jan-03,4.86,6.37,6.14,6.37,72555
3-Jan-03,4.78,6.10,6.05,6.10,12915
2-Jan-03,4.55,5.95,5.71,5.95,48825
31-Dec-02,4.29,4.37,4.29,4.34,23900
30-Dec-02,4.39,4.40,4.29,4.37,92800
27-Dec-02,4.67,4.67,4.37,4.41,34300
26-Dec-02,4.63,4.71,4.55,4.67,100600
24-Dec-02,4.43,4.44,4.39,4.39,57600
23-Dec-02,4.25,4.25,4.15,4.16,27500
20-Dec-02,4.28,4.34,4.28,4.31,152900
19-Dec-02,4.25,4.40,4.25,4.27,85300
18-Dec-02,4.26,4.26,4.15,4.22,183100
17-Dec-02,4.48,4.48,4.26,4.26,252900
16-Dec-02,4.40,4.59,4.39,4.49,59600
13-Dec-02,4.37,4.37,4.27,4.37,304400
12-Dec-02,4.71,4.73,4.45,4.52,473600
11-Dec-02,5.14,5.15,4.98,5.04,26800
10-Dec-02,5.04,5.17,5.01,5.17,87600
9-Dec-02,5.08,5.18,5.08,5.09,26900
6-Dec-02,5.01,5.08,4.98,5.02,190200
5-Dec-02,5.12,5.16,5.07,5.08,87400
4-Dec-02,5.27,5.27,5.08,5.19,129400
3-Dec-02,5.42,5.45,5.32,5.38,100600
2-Dec-02,5.24,5.42,5.24,5.36,595300
29-Nov-02,5.38,5.38,5.16,5.16,163300
27-Nov-02,5.27,5.38,5.19,5.37,531200
26-Nov-02,5.46,5.46,5.27,5.27,316300
25-Nov-02,5.91,5.91,5.57,5.74,438300
22-Nov-02,5.35,5.64,5.35,5.56,342200
21-Nov-02,5.50,5.58,5.46,5.54,352500
20-Nov-02,5.50,5.50,5.35,5.46,220600
19-Nov-02,5.57,5.58,5.53,5.57,215300
18-Nov-02,5.76,5.91,5.68,5.68,274100
15-Nov-02,5.61,5.69,5.54,5.68,376700
14-Nov-02,5.27,5.41,5.23,5.38,306600
13-Nov-02,5.12,5.13,5.09,5.11,285600
12-Nov-02,5.17,5.33,5.17,5.27,188700
11-Nov-02,5.12,5.21,5.08,5.10,482100
8-Nov-02,5.47,5.57,5.47,5.50,326600
7-Nov-02,5.46,5.48,5.35,5.35,45700
6-Nov-02,5.50,5.63,5.46,5.62,634100
5-Nov-02,5.18,5.18,5.08,5.14,430500
4-Nov-02,5.12,5.31,5.12,5.27,706100
1-Nov-02,4.98,5.11,4.89,5.04,661900
31-Oct-02,5.08,5.08,4.97,5.04,692800
30-Oct-02,4.48,4.52,4.46,4.51,352000
29-Oct-02,4.48,4.55,4.44,4.55,298200
28-Oct-02,4.44,4.44,4.40,4.40,220800
25-Oct-02,4.37,4.52,4.37,4.44,513800
24-Oct-02,4.44,4.46,4.41,4.42,34200
23-Oct-02,4.31,4.48,4.31,4.48,520000
22-Oct-02,4.28,4.28,4.19,4.21,337800
21-Oct-02,4.39,4.52,4.39,4.52,333700
18-Oct-02,4.25,4.33,4.25,4.31,494300
17-Oct-02,4.22,4.25,4.10,4.25,2006200
16-Oct-02,3.83,3.85,3.79,3.81,281100
15-Oct-02,3.77,3.91,3.77,3.91,900800
14-Oct-02,3.35,3.40,3.35,3.40,297100
11-Oct-02,3.42,3.50,3.39,3.47,1120300
10-Oct-02,3.51,3.54,3.35,3.49,4942000
9-Oct-02,3.55,3.61,3.55,3.58,205900
8-Oct-02,3.65,3.69,3.64,3.68,867100
7-Oct-02,3.64,3.64,3.57,3.64,26300
4-Oct-02,3.70,3.80,3.66,3.71,1223300
3-Oct-02,3.92,3.98,3.67,3.73,1261600
2-Oct-02,4.11,4.11,3.97,3.98,171100
1-Oct-02,4.18,4.22,4.15,4.22,156400
30-Sep-02,4.14,4.22,4.14,4.18,302800
27-Sep-02,4.14,4.14,4.11,4.13,180600
26-Sep-02,4.22,4.37,4.14,4.18,379000
25-Sep-02,4.04,4.22,4.04,4.22,533000
24-Sep-02,4.30,4.43,4.29,4.37,150300
23-Sep-02,4.52,4.52,4.37,4.37,204000
20-Sep-02,4.55,4.59,4.55,4.59,503600
19-Sep-02,4.59,4.59,4.48,4.48,218200
18-Sep-02,4.69,4.69,4.52,4.58,122300
17-Sep-02,4.89,4.89,4.88,4.89,16400
16-Sep-02,4.93,5.02,4.91,4.94,273800
13-Sep-02,5.09,5.27,5.09,5.23,458800
12-Sep-02,5.16,5.16,5.04,5.10,318000
11-Sep-02,5.31,5.31,5.13,5.16,204600
10-Sep-02,5.31,5.35,5.27,5.31,308700
9-Sep-02,5.19,5.19,5.12,5.14,379800
6-Sep-02,5.16,5.19,5.08,5.12,439400
5-Sep-02,5.08,5.08,4.86,4.91,231700
4-Sep-02,5.25,5.25,5.09,5.16,134100
3-Sep-02,5.46,5.49,5.23,5.27,123500
30-Aug-02,5.68,5.80,5.68,5.77,271500
29-Aug-02,5.57,5.76,5.57,5.70,2624600
28-Aug-02,5.76,5.76,5.57,5.57,996200
27-Aug-02,6.02,6.02,5.85,5.87,1551500
26-Aug-02,5.99,5.99,5.92,5.93,1332900
23-Aug-02,5.91,6.02,5.86,5.92,470700
22-Aug-02,5.91,6.02,5.87,5.89,1178900
21-Aug-02,5.76,5.86,5.73,5.73,291900
20-Aug-02,5.83,5.83,5.65,5.65,456600
19-Aug-02,5.95,5.99,5.93,5.99,731700
16-Aug-02,5.88,6.05,5.87,6.02,1475600
15-Aug-02,5.80,5.91,5.76,5.88,2109300
14-Aug-02,5.41,5.50,5.35,5.49,2093300
13-Aug-02,5.27,5.38,5.27,5.27,974800
12-Aug-02,5.04,5.23,5.04,5.23,751300
9-Aug-02,5.19,5.26,5.06,5.26,1673000
8-Aug-02,4.93,5.19,4.93,5.13,2848700
7-Aug-02,5.39,5.42,4.86,4.92,3997400
6-Aug-02,5.12,5.50,5.12,5.44,1881400
5-Aug-02,5.46,5.46,5.03,5.08,1260700
2-Aug-02,6.02,6.02,5.58,5.59,1270400
1-Aug-02,6.10,6.10,5.99,6.02,488600
31-Jul-02,6.29,6.29,6.07,6.10,460000
30-Jul-02,6.55,6.55,6.34,6.40,529500
29-Jul-02,6.02,6.25,6.02,6.25,405400
26-Jul-02,5.87,5.95,5.68,5.95,1148200
25-Jul-02,6.40,6.40,5.83,6.02,781800
24-Jul-02,6.38,6.63,6.28,6.59,708000
23-Jul-02,6.88,6.88,6.60,6.71,416500
22-Jul-02,6.75,6.78,6.63,6.78,325700
19-Jul-02,7.42,7.42,6.90,6.90,504300
18-Jul-02,7.73,7.73,7.45,7.49,337200
17-Jul-02,7.91,7.93,7.60,7.72,391800
16-Jul-02,7.34,7.82,7.34,7.68,755000
15-Jul-02,7.60,7.87,7.49,7.87,630900
12-Jul-02,7.38,7.84,7.34,7.80,1739400
11-Jul-02,6.71,6.96,6.70,6.94,1838300
10-Jul-02,7.05,7.05,6.71,6.71,654800
9-Jul-02,7.27,7.29,7.02,7.05,1076200
8-Jul-02,7.15,7.15,6.87,6.87,642400
5-Jul-02,6.55,7.04,6.55,6.97,1524400
3-Jul-02,5.83,6.25,5.46,6.25,4691100
2-Jul-02,5.55,5.55,5.16,5.27,909800
1-Jul-02,6.02,6.03,5.65,5.71,928200
28-Jun-02,6.41,6.46,6.22,6.26,1224500
27-Jun-02,6.80,6.80,6.66,6.69,1651100
26-Jun-02,6.40,6.71,6.30,6.47,1511200
25-Jun-02,6.87,6.96,6.72,6.75,1591500
24-Jun-02,6.63,6.81,6.51,6.78,957500
21-Jun-02,6.81,6.97,6.70,6.81,2630300
20-Jun-02,7.07,7.11,6.42,6.63,3144400
19-Jun-02,7.53,7.53,7.02,7.07,3330100
18-Jun-02,7.90,7.96,7.76,7.76,1182000
17-Jun-02,7.83,8.02,7.79,8.01,601300
14-Jun-02,7.91,7.98,7.46,7.83,2938300
13-Jun-02,8.77,8.78,8.47,8.48,1397300
12-Jun-02,8.77,8.77,8.59,8.73,687300
11-Jun-02,8.77,8.77,8.55,8.57,626300
10-Jun-02,8.66,8.91,8.63,8.81,664700
7-Jun-02,8.28,8.32,8.17,8.30,822500
6-Jun-02,8.47,8.58,8.36,8.54,751400
5-Jun-02,8.13,8.39,8.13,8.36,1366800
4-Jun-02,8.21,8.23,8.03,8.06,2776300
3-Jun-02,8.66,8.73,7.83,7.83,2108100
31-May-02,9.03,9.07,8.88,8.88,1009100
30-May-02,9.15,9.15,8.66,9.00,3862400
29-May-02,9.11,9.30,9.07,9.15,2511600
28-May-02,9.94,9.94,9.67,9.74,2864600
24-May-02,9.83,9.83,9.56,9.75,4092300
23-May-02,9.03,9.26,8.88,9.20,10771300
