Date, Open, High, Low, Close, Volume
17-May-13,2.80,2.88,2.80,2.82,48995
16-May-13,2.85,2.89,2.78,2.82,149475
15-May-13,2.93,3.02,2.84,2.85,97717
14-May-13,3.01,3.05,2.93,2.93,97882
13-May-13,2.98,3.08,2.98,3.00,88738
10-May-13,3.00,3.05,2.98,3.03,35222
9-May-13,2.96,3.00,2.96,2.98,19853
8-May-13,2.87,2.97,2.87,2.97,39948
7-May-13,2.89,2.98,2.86,2.86,91427
6-May-13,2.88,3.00,2.85,2.86,146855
3-May-13,2.88,2.95,2.88,2.88,50551
2-May-13,3.00,3.00,2.83,2.84,97779
1-May-13,3.04,3.04,2.95,2.95,45082
30-Apr-13,3.00,3.05,3.00,3.04,22773
29-Apr-13,2.97,3.05,2.97,2.98,31568
26-Apr-13,3.03,3.05,3.00,3.03,40095
25-Apr-13,2.99,3.09,2.96,3.07,38330
24-Apr-13,3.07,3.08,2.95,2.99,66478
23-Apr-13,3.10,3.10,3.01,3.06,16280
22-Apr-13,3.11,3.11,3.00,3.07,32601
19-Apr-13,3.04,3.12,3.04,3.08,32045
18-Apr-13,3.17,3.17,3.00,3.00,88048
17-Apr-13,3.15,3.20,3.10,3.15,77382
16-Apr-13,3.13,3.19,3.13,3.15,49800
15-Apr-13,3.35,3.35,3.10,3.10,110722
12-Apr-13,3.36,3.38,3.32,3.36,21628
11-Apr-13,3.32,3.41,3.27,3.41,85959
10-Apr-13,3.25,3.38,3.25,3.36,83782
9-Apr-13,3.34,3.38,3.27,3.28,25631
8-Apr-13,3.36,3.38,3.29,3.33,27409
5-Apr-13,3.27,3.40,3.27,3.38,66630
4-Apr-13,3.24,3.33,3.22,3.33,58928
3-Apr-13,3.32,3.33,3.25,3.27,38405
2-Apr-13,3.22,3.34,3.19,3.30,70866
1-Apr-13,3.19,3.24,3.19,3.22,45412
28-Mar-13,3.20,3.22,3.17,3.20,88934
27-Mar-13,3.15,3.25,3.15,3.19,27413
26-Mar-13,3.23,3.23,3.14,3.16,43033
25-Mar-13,3.29,3.29,3.15,3.20,85230
22-Mar-13,3.44,3.51,3.28,3.31,72675
21-Mar-13,3.30,3.42,3.20,3.41,64732
20-Mar-13,3.36,3.36,3.26,3.29,42449
19-Mar-13,3.32,3.43,3.32,3.38,67357
18-Mar-13,3.31,3.49,3.29,3.32,65454
15-Mar-13,3.20,3.73,3.20,3.37,269864
14-Mar-13,3.25,3.30,3.14,3.23,52964
13-Mar-13,3.32,3.33,3.24,3.24,32746
12-Mar-13,3.40,3.40,3.31,3.33,32332
11-Mar-13,3.26,3.40,3.26,3.40,49797
8-Mar-13,3.26,3.32,3.22,3.31,34422
7-Mar-13,3.28,3.29,3.25,3.28,31706
6-Mar-13,3.24,3.32,3.24,3.31,36056
5-Mar-13,3.14,3.24,3.14,3.22,38642
4-Mar-13,3.15,3.17,3.14,3.14,62201
1-Mar-13,3.21,3.22,3.19,3.19,53956
28-Feb-13,3.20,3.25,3.20,3.21,26593
27-Feb-13,3.20,3.22,3.20,3.20,46502
26-Feb-13,3.24,3.25,3.21,3.22,29451
25-Feb-13,3.31,3.32,3.23,3.25,77607
22-Feb-13,3.28,3.38,3.24,3.32,56470
21-Feb-13,3.31,3.33,3.26,3.27,38836
20-Feb-13,3.50,3.50,3.36,3.36,33223
19-Feb-13,3.49,3.54,3.45,3.49,66185
15-Feb-13,3.48,3.48,3.41,3.41,40475
14-Feb-13,3.46,3.50,3.46,3.49,18087
13-Feb-13,3.35,3.50,3.32,3.47,95382
12-Feb-13,3.46,3.55,3.36,3.38,62472
11-Feb-13,3.50,3.54,3.45,3.48,31146
8-Feb-13,3.60,3.62,3.50,3.56,55169
7-Feb-13,3.56,3.63,3.53,3.62,28552
6-Feb-13,3.58,3.61,3.56,3.56,24557
5-Feb-13,3.62,3.62,3.56,3.62,30935
4-Feb-13,3.61,3.65,3.60,3.62,18301
1-Feb-13,3.70,3.70,3.62,3.67,61443
31-Jan-13,3.64,3.70,3.60,3.68,40312
30-Jan-13,3.68,3.70,3.53,3.67,62282
29-Jan-13,3.70,3.70,3.62,3.69,45103
28-Jan-13,3.75,3.75,3.62,3.67,26634
25-Jan-13,3.58,3.75,3.58,3.71,68232
24-Jan-13,3.50,3.65,3.50,3.61,49975
23-Jan-13,3.60,3.60,3.50,3.54,42893
22-Jan-13,3.77,3.78,3.50,3.60,119030
18-Jan-13,3.80,3.89,3.75,3.77,45164
17-Jan-13,3.87,3.95,3.80,3.84,53336
16-Jan-13,3.90,3.94,3.80,3.83,52996
15-Jan-13,3.68,3.87,3.68,3.85,147957
14-Jan-13,3.69,3.73,3.67,3.73,29012
11-Jan-13,3.72,3.73,3.66,3.73,47446
10-Jan-13,3.63,3.73,3.51,3.73,45434
9-Jan-13,3.70,3.72,3.50,3.66,46262
8-Jan-13,3.62,3.74,3.62,3.73,71961
7-Jan-13,3.59,3.74,3.58,3.67,81129
4-Jan-13,3.41,3.57,3.37,3.57,44923
3-Jan-13,3.43,3.55,3.33,3.35,81447
2-Jan-13,3.31,3.45,3.31,3.45,80413
31-Dec-12,3.36,3.45,3.25,3.28,104833
28-Dec-12,3.24,3.63,3.24,3.41,124006
27-Dec-12,3.35,3.35,3.28,3.30,38619
26-Dec-12,3.35,3.40,3.30,3.34,40095
24-Dec-12,3.45,3.48,3.38,3.38,28475
21-Dec-12,3.55,3.58,3.50,3.51,27790
20-Dec-12,3.63,3.63,3.55,3.56,30229
19-Dec-12,3.63,3.65,3.55,3.65,41888
18-Dec-12,3.55,3.64,3.53,3.58,98115
17-Dec-12,3.53,3.60,3.40,3.58,109715
14-Dec-12,3.21,3.57,3.21,3.51,204350
13-Dec-12,3.19,3.23,3.19,3.21,42861
12-Dec-12,3.18,3.23,3.15,3.20,33944
11-Dec-12,3.18,3.23,3.18,3.20,42595
10-Dec-12,3.16,3.23,3.11,3.21,60361
7-Dec-12,3.22,3.22,3.12,3.19,55323
6-Dec-12,3.19,3.24,3.18,3.24,10552
5-Dec-12,3.19,3.25,3.17,3.20,60845
4-Dec-12,3.32,3.34,3.20,3.20,64570
3-Dec-12,3.37,3.38,3.30,3.36,39731
30-Nov-12,3.45,3.46,3.31,3.37,23651
29-Nov-12,3.48,3.48,3.45,3.48,29412
28-Nov-12,3.35,3.49,3.31,3.45,33728
27-Nov-12,3.38,3.40,3.32,3.40,26380
26-Nov-12,3.47,3.50,3.30,3.42,35269
23-Nov-12,3.46,3.55,3.40,3.50,54645
21-Nov-12,3.20,3.40,3.11,3.36,45737
20-Nov-12,3.10,3.29,2.74,3.20,170782
19-Nov-12,3.55,3.55,3.10,3.10,77969
16-Nov-12,3.10,3.21,3.10,3.21,25881
15-Nov-12,3.20,3.24,3.10,3.13,88473
14-Nov-12,3.50,3.50,3.21,3.24,97325
13-Nov-12,3.57,3.59,3.47,3.47,62012
12-Nov-12,3.42,3.60,3.42,3.56,46770
9-Nov-12,3.45,3.50,3.40,3.44,69538
8-Nov-12,3.58,3.58,3.46,3.46,32277
7-Nov-12,3.68,3.68,3.57,3.58,53687
6-Nov-12,3.63,3.68,3.63,3.64,32692
5-Nov-12,3.60,3.65,3.58,3.62,62204
2-Nov-12,3.38,3.58,3.38,3.51,86931
1-Nov-12,3.42,3.50,3.32,3.50,63486
31-Oct-12,3.32,3.44,3.30,3.44,20954
26-Oct-12,3.25,3.36,3.25,3.31,24185
25-Oct-12,3.30,3.43,3.22,3.28,38362
24-Oct-12,3.44,3.46,3.25,3.30,60162
23-Oct-12,3.50,3.50,3.40,3.46,58095
22-Oct-12,3.38,3.54,3.34,3.54,83246
19-Oct-12,3.43,3.50,3.32,3.40,55912
18-Oct-12,3.41,3.58,3.40,3.47,64479
17-Oct-12,3.38,3.47,3.36,3.41,51375
16-Oct-12,3.47,3.47,3.32,3.40,72971
15-Oct-12,3.25,3.49,3.25,3.46,137986
12-Oct-12,3.20,3.22,3.15,3.17,57694
11-Oct-12,3.21,3.23,3.20,3.20,34255
10-Oct-12,3.28,3.29,3.20,3.21,39538
9-Oct-12,3.22,3.32,3.20,3.31,26846
8-Oct-12,3.25,3.25,3.21,3.23,40323
5-Oct-12,3.30,3.33,3.26,3.27,26336
4-Oct-12,3.27,3.36,3.20,3.33,46043
3-Oct-12,3.31,3.34,3.20,3.33,54646
2-Oct-12,3.31,3.36,3.22,3.36,95600
1-Oct-12,3.31,3.31,3.21,3.29,53220
28-Sep-12,3.28,3.33,3.27,3.28,31570
27-Sep-12,3.33,3.35,3.29,3.33,57793
26-Sep-12,3.30,3.35,3.25,3.30,40141
25-Sep-12,3.56,3.56,3.26,3.30,145730
24-Sep-12,3.20,3.57,3.18,3.52,188948
21-Sep-12,3.55,3.69,3.26,3.26,176624
20-Sep-12,3.65,3.65,3.45,3.48,128642
19-Sep-12,3.70,3.76,3.60,3.68,37915
18-Sep-12,3.70,3.73,3.63,3.68,36420
17-Sep-12,3.70,3.70,3.57,3.65,90783
14-Sep-12,4.09,4.09,3.63,3.68,237581
13-Sep-12,4.37,4.37,3.90,4.08,246852
12-Sep-12,4.22,4.35,4.20,4.34,129100
11-Sep-12,3.95,4.25,3.92,4.19,144729
10-Sep-12,3.77,3.98,3.75,3.97,82814
7-Sep-12,3.73,3.87,3.71,3.82,57081
6-Sep-12,3.76,3.79,3.69,3.71,59219
5-Sep-12,3.76,3.77,3.69,3.76,20607
4-Sep-12,3.70,3.75,3.61,3.75,46051
31-Aug-12,3.76,3.77,3.71,3.71,20019
30-Aug-12,3.75,3.80,3.70,3.77,15242
29-Aug-12,3.69,3.80,3.62,3.77,14036
28-Aug-12,3.75,3.75,3.69,3.72,4395
27-Aug-12,3.79,3.80,3.75,3.79,29221
24-Aug-12,3.72,3.79,3.63,3.76,25483
23-Aug-12,3.78,3.79,3.72,3.77,20032
22-Aug-12,3.57,3.80,3.57,3.80,50204
21-Aug-12,3.65,3.70,3.55,3.60,56867
20-Aug-12,3.59,3.68,3.50,3.65,58702
17-Aug-12,3.67,3.69,3.60,3.63,32132
16-Aug-12,4.26,4.26,3.54,3.70,109073
15-Aug-12,3.86,3.89,3.75,3.79,43687
14-Aug-12,3.95,3.97,3.86,3.86,72752
13-Aug-12,3.82,3.97,3.79,3.97,53457
10-Aug-12,3.68,3.81,3.68,3.80,61875
9-Aug-12,3.73,3.86,3.69,3.70,75645
8-Aug-12,3.68,3.80,3.68,3.74,45110
7-Aug-12,3.68,3.79,3.68,3.68,55043
6-Aug-12,3.80,3.80,3.68,3.68,57769
3-Aug-12,3.71,3.90,3.66,3.82,70973
2-Aug-12,3.76,3.84,3.66,3.68,27694
1-Aug-12,3.94,3.94,3.75,3.75,43173
31-Jul-12,3.97,4.06,3.94,3.95,32361
30-Jul-12,3.85,3.95,3.85,3.95,48150
27-Jul-12,3.95,4.00,3.83,3.88,57872
26-Jul-12,4.14,4.18,3.72,3.93,108150
25-Jul-12,4.09,4.15,4.05,4.13,46317
24-Jul-12,4.39,4.39,4.05,4.09,52045
23-Jul-12,4.34,4.40,4.07,4.34,92551
20-Jul-12,4.41,4.45,4.29,4.44,83002
19-Jul-12,4.17,4.56,4.17,4.53,175060
18-Jul-12,4.23,4.34,4.05,4.17,99182
17-Jul-12,4.01,4.25,4.01,4.22,131670
16-Jul-12,3.90,4.10,3.83,4.02,45083
13-Jul-12,3.68,3.98,3.68,3.95,99196
12-Jul-12,3.70,3.73,3.61,3.68,26961
11-Jul-12,3.63,3.75,3.60,3.73,48853
10-Jul-12,3.68,3.73,3.64,3.64,35178
9-Jul-12,3.65,3.72,3.56,3.69,44526
6-Jul-12,3.65,3.74,3.65,3.68,13582
5-Jul-12,3.82,3.84,3.56,3.66,65952
3-Jul-12,3.59,3.74,3.55,3.74,64009
2-Jul-12,3.52,3.59,3.47,3.58,69827
29-Jun-12,3.45,3.59,3.39,3.56,81245
28-Jun-12,3.41,3.45,3.37,3.41,29700
27-Jun-12,3.33,3.44,3.33,3.44,21294
26-Jun-12,3.38,3.40,3.35,3.37,34840
25-Jun-12,3.37,3.44,3.36,3.41,19940
22-Jun-12,3.41,3.48,3.40,3.40,13831
21-Jun-12,3.40,3.42,3.36,3.37,42134
20-Jun-12,3.42,3.49,3.42,3.44,25268
19-Jun-12,3.42,3.50,3.40,3.45,15964
18-Jun-12,3.50,3.50,3.36,3.44,49840
15-Jun-12,3.38,3.65,3.37,3.58,122767
14-Jun-12,3.43,3.50,3.37,3.37,14400
13-Jun-12,3.33,3.45,3.33,3.43,73732
12-Jun-12,3.40,3.45,3.32,3.38,47675
11-Jun-12,3.42,3.53,3.42,3.43,19299
8-Jun-12,3.40,3.46,3.31,3.40,24169
7-Jun-12,3.45,3.46,3.30,3.40,109389
6-Jun-12,3.39,3.44,3.34,3.38,26730
5-Jun-12,3.31,3.48,3.31,3.37,42111
4-Jun-12,3.44,3.54,3.26,3.33,47555
1-Jun-12,3.49,3.62,3.37,3.47,66461
31-May-12,3.75,4.05,3.47,3.58,80471
30-May-12,3.59,3.80,3.55,3.70,65469
29-May-12,3.39,3.64,3.39,3.57,37402
25-May-12,3.32,3.50,3.32,3.37,14912
24-May-12,3.35,3.41,3.32,3.33,44620
23-May-12,3.25,3.39,3.25,3.36,142974
22-May-12,3.30,3.37,3.25,3.27,38695
21-May-12,3.28,3.38,3.22,3.35,47119
18-May-12,3.24,3.28,3.22,3.28,71597
17-May-12,3.27,3.27,3.25,3.25,59768
16-May-12,3.33,3.39,3.25,3.25,91795
15-May-12,3.33,3.43,3.21,3.38,70977
14-May-12,3.69,3.69,3.34,3.35,123118
11-May-12,3.81,3.85,3.71,3.77,38911
10-May-12,3.85,3.89,3.75,3.82,80114
9-May-12,3.94,3.99,3.78,3.87,64368
8-May-12,3.99,4.09,3.94,3.94,74416
7-May-12,4.18,4.23,4.02,4.03,123636
4-May-12,3.99,4.20,3.99,4.14,149431
3-May-12,4.03,4.07,4.00,4.01,48308
2-May-12,3.98,4.05,3.96,4.00,52157
1-May-12,4.15,4.16,4.01,4.05,80817
30-Apr-12,4.11,4.20,4.11,4.15,48421
27-Apr-12,4.23,4.23,4.14,4.17,37450
26-Apr-12,4.26,4.26,4.20,4.22,51163
25-Apr-12,4.25,4.29,4.17,4.17,49370
24-Apr-12,4.12,4.28,4.09,4.28,48599
23-Apr-12,4.21,4.21,4.10,4.11,68130
20-Apr-12,4.33,4.33,4.21,4.28,28777
19-Apr-12,4.27,4.32,4.22,4.32,43719
18-Apr-12,4.30,4.33,4.22,4.28,50257
17-Apr-12,4.24,4.35,4.24,4.29,90158
16-Apr-12,4.25,4.27,4.17,4.24,40482
13-Apr-12,4.29,4.33,4.14,4.17,38065
12-Apr-12,4.19,4.35,4.19,4.35,128188
11-Apr-12,4.21,4.29,4.17,4.22,37622
10-Apr-12,4.10,4.28,4.10,4.20,136520
9-Apr-12,4.18,4.24,4.12,4.12,132735
5-Apr-12,4.29,4.36,4.20,4.30,92059
4-Apr-12,4.35,4.37,4.21,4.35,142225
3-Apr-12,4.42,4.50,4.37,4.45,200360
2-Apr-12,4.29,4.50,4.26,4.45,182149
30-Mar-12,4.29,4.33,4.21,4.30,132075
29-Mar-12,4.42,4.42,4.26,4.35,54192
28-Mar-12,4.41,4.42,4.36,4.42,81736
27-Mar-12,4.35,4.42,4.31,4.42,156992
26-Mar-12,4.28,4.37,4.26,4.33,76959
23-Mar-12,4.20,4.29,4.15,4.27,79241
22-Mar-12,4.36,4.42,4.20,4.22,84976
21-Mar-12,4.25,4.45,4.23,4.43,193519
20-Mar-12,4.20,4.28,4.15,4.27,92497
19-Mar-12,4.20,4.30,4.18,4.26,83927
16-Mar-12,4.39,4.41,4.24,4.24,64103
15-Mar-12,4.36,4.44,4.29,4.42,103195
14-Mar-12,4.33,4.40,4.25,4.36,52596
13-Mar-12,4.40,4.40,4.19,4.35,104771
12-Mar-12,4.50,4.50,4.40,4.42,39845
9-Mar-12,4.39,4.57,4.38,4.50,75210
8-Mar-12,4.22,4.47,4.22,4.41,175554
7-Mar-12,3.96,4.17,3.91,4.11,89661
6-Mar-12,4.12,4.22,3.93,4.00,112736
5-Mar-12,4.17,4.35,4.10,4.17,84060
2-Mar-12,4.20,4.25,4.11,4.15,62771
1-Mar-12,4.25,4.34,4.20,4.20,106526
29-Feb-12,4.60,4.64,4.24,4.24,163215
28-Feb-12,4.25,4.58,4.06,4.57,282983
27-Feb-12,4.49,4.49,4.15,4.30,168415
24-Feb-12,4.55,4.64,4.51,4.56,58621
23-Feb-12,4.59,4.59,4.50,4.58,108170
22-Feb-12,4.29,4.60,4.29,4.56,94726
21-Feb-12,4.25,4.41,4.22,4.35,87447
17-Feb-12,4.15,4.31,4.08,4.25,198474
16-Feb-12,4.28,4.28,4.08,4.19,109337
15-Feb-12,4.20,4.30,4.06,4.28,166300
14-Feb-12,4.52,4.53,4.01,4.22,287023
13-Feb-12,4.75,4.75,4.50,4.55,273197
10-Feb-12,4.74,4.75,4.60,4.75,317777
9-Feb-12,4.70,4.75,4.55,4.75,314271
8-Feb-12,4.50,4.75,4.39,4.61,528965
7-Feb-12,4.45,4.50,4.40,4.46,120540
6-Feb-12,4.28,4.53,4.25,4.43,79354
3-Feb-12,4.30,4.43,4.19,4.30,203924
2-Feb-12,4.21,4.38,4.20,4.30,149623
1-Feb-12,4.43,4.45,4.20,4.25,178327
31-Jan-12,4.54,4.62,4.39,4.46,168130
30-Jan-12,4.51,4.60,4.50,4.56,71811
27-Jan-12,4.60,4.61,4.35,4.57,120945
26-Jan-12,4.39,4.68,4.31,4.58,181154
25-Jan-12,4.22,4.43,4.20,4.39,169786
24-Jan-12,4.21,4.29,4.15,4.25,84277
23-Jan-12,4.19,4.26,4.10,4.23,155293
20-Jan-12,4.08,4.22,4.06,4.21,161447
19-Jan-12,3.99,4.09,3.96,4.03,104282
18-Jan-12,3.70,4.00,3.63,3.92,196511
17-Jan-12,3.78,3.86,3.65,3.75,214457
13-Jan-12,4.10,4.10,3.73,3.76,193306
12-Jan-12,4.10,4.27,3.96,3.97,265812
11-Jan-12,3.66,4.14,3.66,4.07,252932
10-Jan-12,3.45,3.70,3.45,3.68,138011
9-Jan-12,3.45,3.57,3.36,3.45,169430
6-Jan-12,3.40,3.43,3.28,3.42,94521
5-Jan-12,3.44,3.44,3.27,3.42,130632
4-Jan-12,3.30,3.40,3.20,3.40,128180
3-Jan-12,3.00,3.30,3.00,3.27,227319
30-Dec-11,2.94,3.01,2.75,3.00,277260
29-Dec-11,2.65,2.89,2.62,2.83,218261
28-Dec-11,2.78,2.78,2.61,2.74,199185
27-Dec-11,2.77,2.82,2.70,2.82,585058
23-Dec-11,2.83,2.94,2.83,2.84,142452
22-Dec-11,2.80,2.98,2.76,2.97,145151
21-Dec-11,2.96,2.96,2.79,2.88,126299
20-Dec-11,2.95,2.98,2.82,2.92,150038
19-Dec-11,2.96,3.02,2.96,2.99,159569
16-Dec-11,2.96,3.05,2.95,3.02,100470
15-Dec-11,2.98,3.03,2.90,2.96,84753
14-Dec-11,3.12,3.12,2.88,2.97,139147
13-Dec-11,3.12,3.25,3.12,3.15,164429
12-Dec-11,3.00,3.24,3.00,3.07,179724
9-Dec-11,3.01,3.10,2.90,2.99,305304
8-Dec-11,3.16,3.16,3.02,3.02,188360
7-Dec-11,3.23,3.25,3.11,3.15,162380
6-Dec-11,3.23,3.28,3.21,3.24,79125
5-Dec-11,3.36,3.42,3.23,3.28,161212
2-Dec-11,3.40,3.44,3.27,3.35,117920
1-Dec-11,3.29,3.43,3.29,3.39,114809
30-Nov-11,3.44,3.45,3.25,3.28,224984
29-Nov-11,3.38,3.43,3.38,3.38,150702
28-Nov-11,3.23,3.41,3.23,3.35,151080
25-Nov-11,3.18,3.26,3.18,3.23,35320
23-Nov-11,3.24,3.41,3.16,3.24,113868
22-Nov-11,3.46,3.46,3.10,3.24,423014
21-Nov-11,3.85,3.87,3.65,3.71,150050
18-Nov-11,3.92,3.94,3.87,3.87,149564
17-Nov-11,4.01,4.05,3.95,3.95,164533
16-Nov-11,4.00,4.07,3.96,4.01,70845
15-Nov-11,4.01,4.10,3.95,3.97,128584
14-Nov-11,4.17,4.17,4.00,4.06,157581
11-Nov-11,4.39,4.44,4.15,4.20,195737
10-Nov-11,4.14,4.45,4.05,4.45,618136
9-Nov-11,4.10,4.10,3.95,4.00,276900
8-Nov-11,3.91,3.98,3.90,3.95,212646
7-Nov-11,3.95,3.99,3.91,3.94,130479
4-Nov-11,3.91,4.00,3.90,3.98,114641
3-Nov-11,3.95,4.03,3.90,3.98,220935
2-Nov-11,3.90,4.04,3.90,4.00,118517
1-Nov-11,3.90,4.00,3.90,3.96,181743
31-Oct-11,3.90,4.10,3.90,4.04,158019
28-Oct-11,4.09,4.20,3.86,4.11,421911
27-Oct-11,4.82,4.95,3.85,4.30,748881
26-Oct-11,4.59,4.78,4.59,4.70,77584
25-Oct-11,4.79,4.88,4.50,4.54,78744
24-Oct-11,4.70,5.02,4.56,4.89,85563
21-Oct-11,4.60,4.90,4.54,4.82,71687
20-Oct-11,4.56,4.75,4.43,4.58,30338
19-Oct-11,4.58,4.73,4.56,4.56,40685
18-Oct-11,4.50,4.67,4.49,4.67,70586
17-Oct-11,4.67,4.72,4.53,4.53,61412
14-Oct-11,4.99,4.99,4.67,4.78,74239
13-Oct-11,4.67,4.99,4.50,4.98,88006
12-Oct-11,4.50,4.80,4.50,4.67,53495
11-Oct-11,4.44,4.59,4.43,4.53,40317
10-Oct-11,4.53,4.54,4.43,4.50,55936
7-Oct-11,4.64,4.76,4.54,4.54,27309
6-Oct-11,4.58,4.78,4.57,4.60,50630
5-Oct-11,4.41,4.74,4.33,4.56,106329
4-Oct-11,4.63,4.92,4.25,4.44,155203
3-Oct-11,4.78,5.00,4.76,5.00,180917
30-Sep-11,4.60,5.00,4.55,4.78,119207
29-Sep-11,4.91,5.06,4.52,4.56,83060
28-Sep-11,4.30,5.06,4.23,4.97,163143
27-Sep-11,4.60,4.69,4.33,4.36,76495
26-Sep-11,4.55,4.55,4.36,4.49,44338
23-Sep-11,4.31,4.63,4.10,4.53,60935
22-Sep-11,4.79,4.79,4.31,4.37,171701
21-Sep-11,5.01,5.18,4.87,4.87,93624
20-Sep-11,5.42,5.52,4.80,5.02,240559
19-Sep-11,6.00,6.00,5.40,5.48,247610
16-Sep-11,5.27,6.08,5.12,6.00,465790
15-Sep-11,4.99,5.22,4.99,5.19,176762
14-Sep-11,4.60,5.00,4.45,4.96,124537
13-Sep-11,4.83,4.83,4.50,4.60,143166
12-Sep-11,4.95,5.23,4.77,4.83,124871
9-Sep-11,4.62,5.44,4.48,4.96,748483
8-Sep-11,4.28,4.45,4.12,4.42,88601
7-Sep-11,4.03,4.26,4.00,4.26,107565
6-Sep-11,3.93,4.05,3.86,4.04,65123
2-Sep-11,4.00,4.02,3.85,3.95,52339
1-Sep-11,3.94,4.05,3.87,4.00,67812
31-Aug-11,4.10,4.20,3.89,3.89,309190
30-Aug-11,4.15,4.25,4.05,4.15,94892
29-Aug-11,4.08,4.30,4.08,4.21,66043
26-Aug-11,4.05,4.10,4.01,4.05,86000
25-Aug-11,4.10,4.13,4.01,4.07,64553
24-Aug-11,3.93,4.10,3.93,4.08,114409
23-Aug-11,3.86,4.00,3.85,3.97,54409
22-Aug-11,4.08,4.10,3.85,3.89,68601
19-Aug-11,4.27,4.27,3.92,4.01,143679
18-Aug-11,4.15,4.30,4.09,4.16,73209
17-Aug-11,4.29,4.45,4.20,4.27,45008
16-Aug-11,4.24,4.46,4.03,4.31,126135
15-Aug-11,4.50,4.64,4.33,4.45,110439
12-Aug-11,4.21,4.50,4.12,4.46,78389
11-Aug-11,4.20,4.25,3.90,4.25,65335
10-Aug-11,4.00,4.28,3.85,4.23,127362
9-Aug-11,4.43,4.43,3.75,3.98,218561
8-Aug-11,4.48,5.03,3.80,4.32,463591
5-Aug-11,5.13,5.50,4.51,4.69,201039
4-Aug-11,5.15,5.17,4.67,4.70,212618
3-Aug-11,5.12,5.25,5.10,5.13,129941
2-Aug-11,5.36,5.50,5.15,5.18,81689
1-Aug-11,5.44,5.65,5.20,5.36,171189
29-Jul-11,5.25,5.27,5.10,5.14,113346
28-Jul-11,5.77,5.87,5.27,5.36,137911
27-Jul-11,5.93,5.97,5.80,5.86,191724
26-Jul-11,5.40,5.89,5.40,5.86,237260
25-Jul-11,5.10,5.57,5.10,5.46,223747
22-Jul-11,5.19,5.27,5.09,5.24,163088
21-Jul-11,4.92,5.35,4.92,5.28,233500
20-Jul-11,5.34,5.34,4.85,4.95,166951
19-Jul-11,5.46,5.46,5.02,5.27,231075
18-Jul-11,4.79,5.34,4.75,5.30,476260
15-Jul-11,4.78,4.84,4.73,4.77,53575
14-Jul-11,4.83,4.87,4.70,4.70,91561
13-Jul-11,4.97,5.00,4.90,4.90,63493
12-Jul-11,4.66,4.93,4.66,4.93,80629
11-Jul-11,5.03,5.03,4.73,4.77,113591
8-Jul-11,4.94,5.04,4.94,5.03,48921
7-Jul-11,4.98,5.05,4.93,5.05,150371
6-Jul-11,4.90,5.00,4.87,4.96,104063
5-Jul-11,4.95,5.06,4.86,4.93,111844
1-Jul-11,4.96,5.14,4.95,5.01,124661
30-Jun-11,4.78,4.99,4.78,4.98,90203
29-Jun-11,5.10,5.10,4.80,4.88,152877
28-Jun-11,5.00,5.05,4.90,5.00,96952
27-Jun-11,5.00,5.02,4.80,4.90,111651
24-Jun-11,4.80,5.20,4.75,5.00,244921
23-Jun-11,4.50,4.91,4.41,4.87,283457
22-Jun-11,4.19,5.28,4.19,4.50,640620
21-Jun-11,3.60,4.35,3.43,4.24,372601
20-Jun-11,3.86,4.00,3.45,3.58,294034
17-Jun-11,3.99,4.08,3.72,3.88,251874
16-Jun-11,4.30,4.35,3.92,3.98,266409
15-Jun-11,4.50,4.57,4.30,4.34,130347
14-Jun-11,4.45,4.52,4.36,4.49,141183
13-Jun-11,4.06,4.40,4.05,4.31,216679
10-Jun-11,3.77,4.14,3.73,4.06,240118
9-Jun-11,4.29,4.31,3.60,3.91,457530
8-Jun-11,4.34,4.41,4.28,4.32,99597
7-Jun-11,4.50,4.52,4.32,4.32,215721
6-Jun-11,4.83,4.87,4.50,4.50,171114
3-Jun-11,4.75,4.92,4.73,4.86,138081
2-Jun-11,4.95,5.05,4.69,4.80,349938
1-Jun-11,5.09,5.10,4.80,4.90,315904
31-May-11,4.78,4.95,4.75,4.76,881787
27-May-11,4.88,4.95,4.68,4.68,204903
26-May-11,4.78,4.97,4.65,4.85,290681
25-May-11,5.58,5.64,4.65,4.80,1104363
24-May-11,6.50,6.50,5.16,5.70,381462
23-May-11,6.48,6.50,6.29,6.49,206221
20-May-11,6.57,6.58,6.50,6.50,94991
19-May-11,6.67,6.73,6.41,6.56,251956
18-May-11,6.49,6.73,6.43,6.63,147001
17-May-11,6.45,6.58,6.41,6.50,146476
16-May-11,6.69,6.75,6.40,6.50,228668
13-May-11,7.00,7.19,6.74,6.76,172176
12-May-11,7.13,7.20,6.89,7.10,146932
11-May-11,7.05,7.25,6.90,7.18,231391
10-May-11,6.62,6.95,6.50,6.89,149877
9-May-11,6.71,6.71,6.52,6.60,115473
6-May-11,6.87,6.87,6.60,6.71,87779
5-May-11,6.99,6.99,6.74,6.82,120921
4-May-11,7.30,7.30,6.98,7.07,127952
3-May-11,7.29,7.29,6.99,7.18,306251
2-May-11,7.04,7.32,7.00,7.15,211773
29-Apr-11,6.95,7.08,6.91,7.04,114846
28-Apr-11,7.10,7.11,6.89,6.96,125394
27-Apr-11,6.94,7.08,6.89,7.03,118671
26-Apr-11,6.94,7.08,6.86,6.88,134768
25-Apr-11,6.72,6.95,6.72,6.94,156915
21-Apr-11,6.55,6.75,6.47,6.72,150048
20-Apr-11,6.58,6.68,6.37,6.51,167513
19-Apr-11,6.46,6.58,6.40,6.51,173350
18-Apr-11,6.66,6.66,6.31,6.44,333440
15-Apr-11,6.65,6.65,6.30,6.54,236060
14-Apr-11,6.59,6.65,6.35,6.42,208238
13-Apr-11,6.89,6.94,6.60,6.67,204536
12-Apr-11,7.09,7.18,6.74,6.87,216369
11-Apr-11,7.50,7.87,7.05,7.12,302873
8-Apr-11,7.61,7.68,7.25,7.31,368746
7-Apr-11,7.30,7.53,7.18,7.48,169436
6-Apr-11,7.18,7.28,7.09,7.26,110549
5-Apr-11,7.28,7.28,7.05,7.16,170806
4-Apr-11,7.01,7.22,7.01,7.22,354076
1-Apr-11,6.98,7.11,6.90,7.01,160280
31-Mar-11,7.12,7.12,6.82,6.90,199984
30-Mar-11,7.09,7.20,7.03,7.08,201384
29-Mar-11,6.95,7.12,6.78,7.10,243852
28-Mar-11,7.02,7.02,6.75,6.79,108089
25-Mar-11,6.89,6.89,6.77,6.81,113763
24-Mar-11,7.03,7.17,6.75,6.89,412825
23-Mar-11,6.65,7.10,6.65,7.05,256125
22-Mar-11,6.50,6.66,6.50,6.66,206308
21-Mar-11,6.92,7.00,6.50,6.55,334883
18-Mar-11,6.66,6.85,6.61,6.75,351510
17-Mar-11,7.25,7.26,6.45,6.56,709975
16-Mar-11,7.60,7.61,7.10,7.15,366089
15-Mar-11,7.49,7.60,7.33,7.55,234363
14-Mar-11,7.69,7.75,7.48,7.69,298000
11-Mar-11,7.75,7.91,7.68,7.75,212082
10-Mar-11,7.85,7.92,7.80,7.86,127600
9-Mar-11,8.10,8.10,7.80,7.97,109189
8-Mar-11,7.76,7.95,7.69,7.92,185503
7-Mar-11,7.98,7.98,7.73,7.78,118410
4-Mar-11,7.98,8.04,7.79,7.88,126519
3-Mar-11,7.81,8.08,7.73,8.04,243770
2-Mar-11,7.93,7.98,7.71,7.73,279537
1-Mar-11,7.83,8.03,7.80,7.87,171474
28-Feb-11,8.05,8.08,7.83,7.83,162832
25-Feb-11,8.05,8.10,7.94,8.00,166728
24-Feb-11,8.05,8.05,7.87,8.01,95046
23-Feb-11,8.00,8.00,7.80,7.87,170438
22-Feb-11,8.00,8.10,7.81,7.89,229884
18-Feb-11,7.84,8.13,7.79,8.01,318989
17-Feb-11,8.07,8.10,7.55,7.72,493467
16-Feb-11,8.28,8.30,7.88,7.89,234628
15-Feb-11,8.16,8.25,8.01,8.12,189117
14-Feb-11,8.18,8.29,7.93,8.04,242476
11-Feb-11,8.25,8.37,8.10,8.13,235538
10-Feb-11,8.53,8.65,8.18,8.26,436608
9-Feb-11,8.50,8.80,8.40,8.80,475425
8-Feb-11,8.38,8.38,8.18,8.30,172329
7-Feb-11,8.40,8.59,8.21,8.26,366537
4-Feb-11,8.29,8.40,8.18,8.29,252039
3-Feb-11,8.36,8.38,8.12,8.18,217363
2-Feb-11,8.40,8.41,8.26,8.39,103981
1-Feb-11,8.30,8.40,8.22,8.36,264078
31-Jan-11,8.32,8.35,8.05,8.13,191997
28-Jan-11,8.21,8.33,8.10,8.22,188661
27-Jan-11,8.37,8.39,8.20,8.35,269619
26-Jan-11,8.45,8.45,8.20,8.40,376919
25-Jan-11,8.37,8.45,8.15,8.37,233286
24-Jan-11,8.20,8.40,7.95,8.37,608997
21-Jan-11,8.40,8.40,7.91,7.98,265053
20-Jan-11,8.04,8.09,7.67,7.98,445835
19-Jan-11,8.29,8.45,8.01,8.04,319640
18-Jan-11,8.24,8.40,7.96,8.40,621984
14-Jan-11,7.90,8.19,7.75,8.00,514978
13-Jan-11,7.51,7.92,7.32,7.80,822419
12-Jan-11,7.89,7.94,7.15,7.56,1154335
11-Jan-11,7.59,7.99,7.54,7.66,672185
10-Jan-11,7.29,7.64,7.23,7.49,545685
7-Jan-11,7.40,7.65,7.28,7.33,829412
6-Jan-11,7.76,7.95,7.10,7.48,3750004
5-Jan-11,9.34,9.49,7.90,8.11,3030255
4-Jan-11,9.38,9.40,9.02,9.05,357291
3-Jan-11,9.24,9.40,9.12,9.14,293655
31-Dec-10,9.18,9.28,9.00,9.00,235517
30-Dec-10,9.56,9.56,9.20,9.23,273330
29-Dec-10,9.07,9.46,9.02,9.40,270879
28-Dec-10,9.31,9.44,9.07,9.07,204924
27-Dec-10,9.44,9.46,9.27,9.31,127923
23-Dec-10,9.50,9.61,9.40,9.44,238574
22-Dec-10,9.16,9.79,9.16,9.47,668374
21-Dec-10,8.40,9.20,8.20,9.13,854134
20-Dec-10,8.36,8.56,8.36,8.40,228890
17-Dec-10,8.20,8.56,8.20,8.44,240224
16-Dec-10,8.45,8.50,8.20,8.22,216874
15-Dec-10,8.55,8.59,8.36,8.41,109501
14-Dec-10,8.57,8.60,8.42,8.42,143630
13-Dec-10,8.50,8.70,8.47,8.58,152622
10-Dec-10,8.43,8.65,8.33,8.50,144499
9-Dec-10,8.52,8.52,8.32,8.43,166717
8-Dec-10,8.86,8.93,8.40,8.49,266012
7-Dec-10,8.21,9.09,8.18,8.81,797186
6-Dec-10,8.18,8.23,8.10,8.13,114810
3-Dec-10,8.07,8.25,8.07,8.21,141104
2-Dec-10,8.19,8.30,8.07,8.17,291085
1-Dec-10,8.75,8.75,8.05,8.22,390494
30-Nov-10,8.46,8.55,8.31,8.47,159088
29-Nov-10,8.54,8.75,8.36,8.52,224964
26-Nov-10,8.33,8.55,8.24,8.54,126512
24-Nov-10,8.38,8.53,8.20,8.48,250861
23-Nov-10,8.30,8.34,8.04,8.16,266104
22-Nov-10,8.33,8.58,8.11,8.28,553985
19-Nov-10,8.43,8.54,8.17,8.20,218344
18-Nov-10,8.22,8.45,8.14,8.38,382067
17-Nov-10,7.83,8.00,7.70,7.86,274342
16-Nov-10,8.00,8.25,7.50,7.68,511418
15-Nov-10,8.60,8.60,7.91,8.02,606469
12-Nov-10,8.80,8.88,8.30,8.30,535855
11-Nov-10,9.48,9.49,8.95,9.04,498475
10-Nov-10,9.34,9.57,8.81,9.48,1394284
9-Nov-10,8.86,9.16,8.71,8.78,1061872
8-Nov-10,7.59,8.64,7.56,8.58,1287257
5-Nov-10,7.86,7.91,7.50,7.58,406801
4-Nov-10,7.99,7.99,7.65,7.85,400027
3-Nov-10,7.61,7.98,7.50,7.83,497546
2-Nov-10,7.24,7.65,7.18,7.55,433465
1-Nov-10,7.38,7.61,7.13,7.18,474880
29-Oct-10,7.45,7.50,7.27,7.35,260436
28-Oct-10,7.72,7.74,7.32,7.50,418695
27-Oct-10,7.19,7.87,6.97,7.75,1186161
26-Oct-10,7.28,7.42,6.81,7.28,1513531
25-Oct-10,8.53,8.63,7.58,7.66,1691881
22-Oct-10,9.04,9.10,8.58,8.64,843468
21-Oct-10,9.20,9.45,9.05,9.06,580567
20-Oct-10,9.42,9.50,9.21,9.29,489225
19-Oct-10,9.53,9.79,9.30,9.40,533771
18-Oct-10,9.42,10.22,9.09,9.72,807313
15-Oct-10,10.04,10.12,9.30,9.51,737734
14-Oct-10,10.37,10.38,9.84,10.04,422166
13-Oct-10,10.36,10.49,10.08,10.28,408899
12-Oct-10,10.14,10.45,10.10,10.36,311438
11-Oct-10,9.93,10.30,9.84,10.19,648683
8-Oct-10,9.60,9.99,9.55,9.82,463128
7-Oct-10,9.89,9.98,9.45,9.50,332597
6-Oct-10,9.84,9.99,9.55,9.89,496773
5-Oct-10,9.49,9.78,9.41,9.63,608561
4-Oct-10,9.14,9.45,8.95,9.34,787776
1-Oct-10,8.90,9.02,8.82,9.01,237097
30-Sep-10,8.85,9.07,8.70,8.78,503154
29-Sep-10,8.54,8.83,8.51,8.77,274348
28-Sep-10,8.85,8.85,8.55,8.59,158626
27-Sep-10,8.46,8.88,8.46,8.72,418730
24-Sep-10,8.32,8.57,8.31,8.42,466339
23-Sep-10,8.55,8.63,8.30,8.36,498074
22-Sep-10,8.79,8.79,8.55,8.62,269584
21-Sep-10,8.83,9.00,8.68,8.73,345986
20-Sep-10,8.74,8.94,8.62,8.80,428223
17-Sep-10,8.88,9.00,8.60,8.69,384004
16-Sep-10,8.38,8.85,8.32,8.76,572350
15-Sep-10,8.50,8.72,8.32,8.41,451881
14-Sep-10,8.79,8.79,8.50,8.57,376535
13-Sep-10,8.59,8.71,8.40,8.62,512877
10-Sep-10,8.75,8.77,8.38,8.55,641070
9-Sep-10,8.95,9.19,8.67,8.77,503366
8-Sep-10,8.80,9.10,8.28,8.95,917046
7-Sep-10,9.08,9.08,8.45,8.70,1131639
6-Sep-10,-,-,-,9.19,0
3-Sep-10,9.76,9.91,9.15,9.19,939043
2-Sep-10,9.50,9.80,9.31,9.60,1001679
1-Sep-10,9.63,10.23,9.59,10.20,749099
31-Aug-10,10.01,10.01,9.15,9.60,1281380
30-Aug-10,10.47,10.47,9.95,10.05,909993
27-Aug-10,10.58,10.70,10.41,10.65,246148
26-Aug-10,10.50,10.85,10.40,10.52,423117
25-Aug-10,10.93,11.04,10.14,10.37,991100
24-Aug-10,11.79,11.91,11.08,11.22,527560
23-Aug-10,12.31,12.39,11.83,12.03,629064
20-Aug-10,11.86,12.01,11.40,12.01,475059
19-Aug-10,12.25,12.39,11.73,11.85,473989
18-Aug-10,11.93,12.50,11.70,12.15,966931
17-Aug-10,11.19,11.80,10.99,11.80,947705
16-Aug-10,10.93,11.20,10.62,10.84,257736
13-Aug-10,10.92,11.20,10.69,10.81,299701
12-Aug-10,10.21,10.75,10.21,10.69,366857
11-Aug-10,10.68,10.69,10.18,10.41,337486
10-Aug-10,11.01,11.16,10.82,10.98,252559
9-Aug-10,11.65,11.65,11.10,11.27,447598
6-Aug-10,10.92,11.70,10.80,11.50,1141876
5-Aug-10,10.90,11.35,10.67,11.01,500581
4-Aug-10,11.23,11.23,10.53,10.98,268252
3-Aug-10,11.03,11.03,10.70,10.85,286588
2-Aug-10,10.98,10.98,10.53,10.80,438473
30-Jul-10,10.40,10.77,10.12,10.76,222622
29-Jul-10,10.51,10.69,10.06,10.62,662989
28-Jul-10,10.71,10.78,10.42,10.63,243811
27-Jul-10,11.27,11.40,10.70,10.86,357611
26-Jul-10,10.78,11.19,10.78,11.06,416550
23-Jul-10,10.46,11.19,10.46,11.19,558084
22-Jul-10,10.38,10.50,10.20,10.45,503239
21-Jul-10,9.59,10.08,9.42,10.07,511359
20-Jul-10,9.52,9.60,9.29,9.60,235535
19-Jul-10,9.35,9.79,9.13,9.50,262602
16-Jul-10,9.70,9.70,9.22,9.34,270996
15-Jul-10,9.98,9.98,9.50,9.70,270329
14-Jul-10,9.39,9.93,9.32,9.80,538356
13-Jul-10,9.50,9.50,9.14,9.24,251421
12-Jul-10,9.30,9.50,9.15,9.31,375810
9-Jul-10,9.30,9.38,9.02,9.34,247099
8-Jul-10,9.00,9.21,8.88,9.21,356015
7-Jul-10,8.52,8.72,8.43,8.71,260024
6-Jul-10,9.08,9.25,8.45,8.52,419232
5-Jul-10,-,-,-,8.48,0
2-Jul-10,8.49,8.59,8.15,8.48,420304
1-Jul-10,8.83,8.89,8.20,8.46,784394
30-Jun-10,9.42,9.52,8.91,8.98,359955
29-Jun-10,10.00,10.00,9.30,9.35,498286
28-Jun-10,10.54,10.54,10.04,10.13,344847
25-Jun-10,10.48,10.81,9.92,10.52,1247086
24-Jun-10,10.00,10.13,9.91,9.92,261121
23-Jun-10,10.31,10.31,10.02,10.05,182781
22-Jun-10,10.50,10.68,10.10,10.18,353866
21-Jun-10,11.24,11.24,10.36,10.49,453986
18-Jun-10,11.02,11.02,10.33,10.56,387392
17-Jun-10,11.30,11.30,10.69,10.83,355274
16-Jun-10,11.12,11.30,10.83,10.93,360820
15-Jun-10,10.43,11.37,10.32,11.18,744667
14-Jun-10,10.51,10.76,10.26,10.32,411893
11-Jun-10,9.90,10.34,9.87,10.31,227210
10-Jun-10,9.92,10.09,9.81,10.09,271653
9-Jun-10,9.96,10.15,9.71,9.80,287165
8-Jun-10,9.95,10.14,9.60,9.89,284619
7-Jun-10,11.05,11.05,9.92,9.96,285686
4-Jun-10,10.50,10.55,10.12,10.20,297637
3-Jun-10,10.40,10.69,10.30,10.64,323071
2-Jun-10,10.31,10.45,10.22,10.40,435606
1-Jun-10,10.55,10.84,10.06,10.28,641470
31-May-10,-,-,-,10.83,0
28-May-10,11.50,11.50,10.72,10.83,295474
27-May-10,11.39,11.56,11.03,11.21,767670
26-May-10,11.40,11.40,10.91,11.07,359710
25-May-10,10.70,10.91,10.21,10.82,375273
24-May-10,11.06,11.35,11.04,11.13,333579
21-May-10,10.00,11.60,9.96,11.04,697503
20-May-10,10.29,10.43,9.95,10.04,748752
19-May-10,11.15,11.27,10.42,10.57,475653
18-May-10,11.57,11.82,11.06,11.23,339493
17-May-10,12.08,12.16,11.03,11.34,453783
14-May-10,12.67,12.67,11.82,12.09,308410
13-May-10,12.63,13.28,12.40,12.77,678261
12-May-10,11.66,12.27,11.59,12.26,435122
11-May-10,11.45,11.67,11.10,11.60,342195
10-May-10,11.05,11.58,10.85,11.57,416319
7-May-10,10.97,10.99,10.33,10.46,781036
6-May-10,11.57,11.65,10.50,11.05,635519
5-May-10,11.16,11.90,10.70,11.54,520141
4-May-10,12.00,12.10,11.23,11.38,648069
3-May-10,12.77,12.87,11.83,12.14,933410
30-Apr-10,13.10,13.22,12.55,12.68,506067
29-Apr-10,13.24,13.31,13.02,13.07,283110
28-Apr-10,13.58,13.72,13.15,13.17,278083
27-Apr-10,13.87,13.94,13.45,13.54,416997
26-Apr-10,13.17,13.70,13.12,13.44,470864
23-Apr-10,13.10,13.19,13.02,13.13,246979
22-Apr-10,13.06,13.18,13.02,13.04,162875
21-Apr-10,13.17,13.28,13.10,13.14,190530
20-Apr-10,13.18,13.30,13.10,13.12,278344
19-Apr-10,13.36,13.36,13.10,13.13,514710
16-Apr-10,13.46,13.49,13.12,13.35,331255
15-Apr-10,13.61,13.74,13.41,13.46,262378
14-Apr-10,13.74,13.75,13.33,13.60,367561
13-Apr-10,13.63,13.90,13.50,13.67,363535
12-Apr-10,13.81,13.82,13.51,13.56,286562
9-Apr-10,13.96,13.96,13.25,13.77,665596
8-Apr-10,14.28,14.28,13.72,13.84,277708
7-Apr-10,14.03,14.21,13.92,13.95,176299
6-Apr-10,14.49,14.49,13.85,14.10,253306
5-Apr-10,13.99,14.12,13.80,14.02,213167
2-Apr-10,-,-,-,13.85,0
1-Apr-10,14.10,14.21,13.72,13.85,395138
31-Mar-10,14.38,14.38,13.93,14.00,438074
30-Mar-10,14.01,14.37,13.95,14.31,381374
29-Mar-10,14.18,14.24,13.91,14.01,419601
26-Mar-10,14.27,14.27,13.91,14.07,244021
25-Mar-10,14.49,14.68,14.22,14.26,274502
24-Mar-10,13.93,14.44,13.93,14.37,394829
23-Mar-10,13.93,14.20,13.75,14.03,396697
22-Mar-10,14.23,14.35,13.86,13.92,487013
19-Mar-10,14.61,14.71,14.03,14.49,491245
18-Mar-10,14.60,15.08,14.50,14.63,303887
17-Mar-10,15.10,15.16,14.63,14.69,577469
16-Mar-10,15.31,15.32,14.90,15.04,614430
15-Mar-10,15.64,15.73,15.14,15.57,329337
12-Mar-10,15.92,15.92,15.46,15.69,326660
11-Mar-10,15.40,15.49,15.01,15.40,375645
10-Mar-10,15.88,15.88,14.86,15.50,655384
9-Mar-10,15.95,16.75,15.63,15.85,657795
8-Mar-10,15.79,16.10,15.63,16.05,463394
5-Mar-10,15.38,15.87,15.22,15.55,349701
4-Mar-10,15.61,15.78,15.00,15.25,315588
3-Mar-10,15.50,16.13,15.27,15.52,808379
2-Mar-10,14.70,15.48,14.44,15.25,1128715
1-Mar-10,14.50,14.53,14.15,14.43,329926
26-Feb-10,13.66,14.59,13.35,14.59,447466
25-Feb-10,13.82,13.90,13.37,13.64,340728
24-Feb-10,14.34,14.34,13.81,13.88,276392
23-Feb-10,14.62,14.62,13.77,14.15,392390
22-Feb-10,14.26,14.79,14.23,14.35,467725
19-Feb-10,13.96,14.45,13.74,14.23,449703
18-Feb-10,14.36,14.55,14.06,14.14,346662
17-Feb-10,13.72,14.70,13.60,14.40,797636
16-Feb-10,13.50,13.69,13.10,13.49,526379
15-Feb-10,-,-,-,13.06,0
12-Feb-10,13.00,13.09,12.60,13.06,316120
11-Feb-10,13.09,13.18,12.75,13.09,364682
10-Feb-10,12.91,13.19,12.31,13.05,645163
9-Feb-10,13.60,13.88,12.69,12.94,1124884
8-Feb-10,14.17,14.69,13.33,13.49,795714
5-Feb-10,14.24,14.30,12.90,14.02,1468309
4-Feb-10,14.89,14.89,14.01,14.08,622565
3-Feb-10,14.96,15.15,14.80,14.94,333957
2-Feb-10,14.98,15.09,14.70,14.78,370322
1-Feb-10,14.41,14.75,14.20,14.74,481485
29-Jan-10,14.89,15.20,14.25,14.33,523387
28-Jan-10,14.91,15.26,14.50,14.84,414194
27-Jan-10,14.51,14.95,14.40,14.78,530385
26-Jan-10,14.50,14.79,14.42,14.46,560588
25-Jan-10,15.12,15.27,14.30,14.46,627483
22-Jan-10,14.95,15.25,14.60,14.79,1029667
21-Jan-10,15.22,15.42,13.70,14.90,2239038
20-Jan-10,15.90,15.97,14.76,15.30,1357923
19-Jan-10,16.32,16.32,15.79,16.11,476538
18-Jan-10,-,-,-,16.11,0
15-Jan-10,16.10,16.21,15.54,16.11,562405
14-Jan-10,16.76,17.00,16.00,16.09,610737
13-Jan-10,16.30,16.81,15.57,16.55,1106545
12-Jan-10,17.42,17.70,15.77,16.10,1295293
11-Jan-10,17.36,17.89,17.10,17.74,1585678
8-Jan-10,16.90,17.43,16.40,16.88,749719
7-Jan-10,17.14,17.47,16.60,16.96,786707
6-Jan-10,16.42,17.12,16.40,17.11,1289435
5-Jan-10,15.98,16.80,15.98,16.32,1326502
4-Jan-10,14.83,16.06,14.83,15.97,1248439
1-Jan-10,-,-,-,14.70,0
31-Dec-09,14.94,15.06,14.66,14.70,630599
30-Dec-09,15.24,15.25,14.81,14.92,711659
29-Dec-09,15.78,15.94,14.90,15.25,624030
28-Dec-09,15.96,16.19,15.55,15.68,503450
25-Dec-09,-,-,-,15.95,0
24-Dec-09,16.37,16.37,15.70,15.95,421316
23-Dec-09,15.22,16.00,15.18,15.97,1130051
22-Dec-09,14.83,15.24,14.70,15.18,693509
21-Dec-09,15.19,15.65,14.50,14.86,956347
18-Dec-09,15.79,16.00,14.73,15.06,1325667
17-Dec-09,16.49,16.49,15.55,15.82,824327
16-Dec-09,17.11,17.16,15.82,16.34,1341825
15-Dec-09,16.38,17.43,16.38,16.80,704154
14-Dec-09,17.00,17.13,16.30,16.73,965159
11-Dec-09,17.81,18.00,16.90,17.13,918917
10-Dec-09,18.20,18.35,17.55,17.68,719020
9-Dec-09,18.14,18.16,17.42,18.00,1025093
8-Dec-09,17.62,18.35,16.92,18.00,2191303
7-Dec-09,17.29,17.80,17.27,17.33,1434597
4-Dec-09,17.84,17.99,16.27,16.78,1439827
3-Dec-09,17.99,18.70,17.02,17.29,2632441
2-Dec-09,16.96,18.00,16.50,17.90,2114637
1-Dec-09,16.35,17.79,16.09,16.57,2525735
30-Nov-09,16.28,16.57,15.61,16.00,1328705
27-Nov-09,14.90,16.10,14.25,15.96,853603
25-Nov-09,15.72,16.30,15.36,16.25,1327979
24-Nov-09,15.51,15.70,15.15,15.68,852769
23-Nov-09,16.20,16.65,15.08,15.85,3060053
20-Nov-09,15.63,17.49,15.54,17.14,2557961
19-Nov-09,15.77,16.50,15.00,16.14,2675931
18-Nov-09,13.20,16.91,13.20,16.63,3886626
17-Nov-09,13.20,13.32,13.00,13.12,278992
16-Nov-09,13.30,13.59,13.03,13.19,439370
13-Nov-09,13.05,13.10,12.25,13.05,482522
12-Nov-09,13.51,13.88,12.10,12.84,1178726
11-Nov-09,13.25,13.35,12.97,13.24,662196
10-Nov-09,12.70,12.97,12.50,12.95,528755
9-Nov-09,12.40,12.64,12.39,12.54,430297
6-Nov-09,12.12,12.45,11.80,12.14,356284
5-Nov-09,12.25,12.49,12.01,12.17,369059
4-Nov-09,12.00,12.50,12.00,12.20,617593
3-Nov-09,11.31,11.70,10.96,11.69,372561
2-Nov-09,11.25,11.50,10.86,11.15,501784
30-Oct-09,11.49,11.55,10.50,11.02,577762
29-Oct-09,11.06,11.44,10.65,11.26,705642
28-Oct-09,11.65,11.65,10.40,10.40,1167329
27-Oct-09,12.41,12.50,11.55,11.63,1059907
26-Oct-09,13.05,13.34,12.25,12.41,626210
23-Oct-09,13.40,13.49,12.80,13.07,426169
22-Oct-09,13.06,13.29,12.32,13.19,674519
21-Oct-09,13.50,13.50,12.75,13.12,794101
20-Oct-09,13.86,14.19,13.01,13.47,1128108
19-Oct-09,13.22,13.75,12.94,13.50,1004653
16-Oct-09,13.34,13.34,12.40,12.94,1388768
15-Oct-09,13.70,14.44,13.12,13.35,2153733
14-Oct-09,12.51,13.66,12.47,13.63,2705137
13-Oct-09,12.18,12.30,11.65,12.27,865385
12-Oct-09,11.80,12.14,11.80,11.90,537689
9-Oct-09,11.21,11.90,11.15,11.74,387347
8-Oct-09,11.90,11.90,11.55,11.55,251756
7-Oct-09,11.78,11.88,11.36,11.60,368974
6-Oct-09,11.83,11.95,11.61,11.78,405151
5-Oct-09,11.20,11.75,10.75,11.49,533587
2-Oct-09,10.11,10.91,10.02,10.72,637995
1-Oct-09,11.75,11.84,10.37,10.78,792517
30-Sep-09,11.76,12.00,11.58,11.72,342203
29-Sep-09,12.23,12.23,11.65,11.65,428227
28-Sep-09,12.10,12.24,11.88,11.95,439453
25-Sep-09,12.04,12.13,11.75,11.98,312582
24-Sep-09,12.69,12.69,11.70,12.04,558177
23-Sep-09,12.15,12.95,11.95,12.37,1290081
22-Sep-09,12.00,12.19,11.90,12.12,579298
21-Sep-09,11.82,11.98,11.55,11.94,410425
18-Sep-09,12.34,12.34,11.60,11.77,869188
17-Sep-09,12.55,12.61,11.82,12.07,936606
16-Sep-09,12.80,13.31,12.05,12.36,1777024
15-Sep-09,12.40,13.55,12.30,13.48,886694
14-Sep-09,12.31,12.54,11.70,12.46,573886
11-Sep-09,13.10,13.38,12.25,12.40,722856
10-Sep-09,13.03,13.45,12.97,13.05,384288
9-Sep-09,13.05,13.58,12.88,13.03,489699
8-Sep-09,12.98,13.00,12.45,12.86,485371
4-Sep-09,12.01,12.49,12.00,12.39,367177
3-Sep-09,11.69,12.10,11.41,12.01,508806
2-Sep-09,11.29,11.80,11.06,11.25,577202
1-Sep-09,12.40,12.60,11.51,11.57,581754
31-Aug-09,12.44,12.44,11.40,12.39,961516
28-Aug-09,12.75,13.19,12.40,12.44,449147
27-Aug-09,13.20,13.20,12.40,12.58,951649
26-Aug-09,13.79,13.79,13.10,13.38,304513
25-Aug-09,13.34,13.70,13.20,13.48,453794
24-Aug-09,12.97,13.47,12.78,13.00,561496
21-Aug-09,12.89,12.89,12.38,12.67,659856
20-Aug-09,12.84,12.85,12.14,12.29,760707
19-Aug-09,12.48,12.98,12.12,12.39,908898
18-Aug-09,12.89,13.48,12.60,13.35,735861
17-Aug-09,12.81,13.00,10.77,12.58,1626093
14-Aug-09,14.67,14.75,13.18,13.77,1013612
13-Aug-09,14.31,15.00,14.21,14.59,1175974
12-Aug-09,13.59,14.40,13.33,14.31,830797
11-Aug-09,13.40,14.00,13.05,13.54,1419274
10-Aug-09,12.44,13.35,11.55,13.25,1147474
7-Aug-09,12.46,12.77,12.10,12.15,617916
6-Aug-09,13.11,13.43,11.01,12.15,1985161
5-Aug-09,12.99,13.50,12.73,13.10,1264852
4-Aug-09,13.13,13.28,12.45,12.65,1255278
3-Aug-09,12.60,13.19,12.05,13.19,1554464
31-Jul-09,11.47,11.93,11.12,11.64,1336515
30-Jul-09,11.30,12.00,10.80,11.12,1865681
29-Jul-09,9.90,11.03,9.80,10.73,2409302
28-Jul-09,9.64,10.45,9.50,10.04,1467355
27-Jul-09,9.70,10.15,9.11,9.65,2087626
24-Jul-09,8.09,9.65,8.00,9.50,1951841
23-Jul-09,7.75,8.40,7.70,8.07,636641
22-Jul-09,7.47,7.79,7.27,7.73,354841
21-Jul-09,7.60,8.00,7.32,7.40,1291321
20-Jul-09,8.01,8.20,8.00,8.12,258934
17-Jul-09,8.09,8.20,7.52,8.04,346352
16-Jul-09,7.97,8.18,7.88,8.10,351347
15-Jul-09,7.24,7.89,7.17,7.83,348004
14-Jul-09,7.24,7.25,6.99,7.12,79155
13-Jul-09,7.14,7.16,6.81,7.12,159069
10-Jul-09,7.20,7.30,7.10,7.13,55457
9-Jul-09,7.29,7.42,7.05,7.30,120489
8-Jul-09,7.14,7.37,7.00,7.15,198283
7-Jul-09,7.21,7.41,7.15,7.34,171137
6-Jul-09,7.58,7.70,7.21,7.41,221981
2-Jul-09,7.88,7.88,7.50,7.60,204824
1-Jul-09,8.10,8.30,7.61,7.90,257377
30-Jun-09,8.55,8.59,8.02,8.09,254413
29-Jun-09,8.54,8.54,8.05,8.50,351629
26-Jun-09,8.00,8.68,7.95,8.31,1413132
25-Jun-09,7.20,7.96,7.14,7.96,374218
24-Jun-09,7.07,7.19,6.90,7.02,118229
23-Jun-09,7.11,7.11,6.56,6.81,312664
22-Jun-09,7.98,7.98,7.10,7.15,306899
19-Jun-09,7.64,8.01,7.59,8.00,244603
18-Jun-09,7.50,7.56,7.04,7.44,92058
17-Jun-09,7.98,7.99,6.71,7.50,316527
16-Jun-09,7.85,7.95,7.50,7.88,181064
15-Jun-09,8.05,8.30,7.50,7.75,315676
12-Jun-09,8.36,8.36,7.98,8.17,326902
11-Jun-09,7.59,8.35,7.49,8.10,628782
10-Jun-09,7.32,7.47,7.18,7.42,202394
9-Jun-09,7.51,7.51,6.25,7.10,644070
8-Jun-09,7.85,7.85,7.38,7.50,282853
5-Jun-09,8.05,8.25,7.76,7.80,351624
4-Jun-09,7.45,8.00,7.37,8.00,375099
3-Jun-09,7.60,7.60,7.10,7.30,287989
2-Jun-09,7.97,7.97,7.60,7.60,332445
1-Jun-09,8.22,8.22,7.53,7.56,389865
29-May-09,8.32,8.32,7.85,7.94,219797
28-May-09,8.29,8.29,7.88,8.08,253595
27-May-09,8.00,8.30,7.75,7.89,195143
26-May-09,8.60,8.60,7.71,8.00,520741
22-May-09,8.75,9.00,8.26,8.35,254102
21-May-09,8.74,8.74,8.35,8.50,379559
20-May-09,8.74,9.00,8.53,8.61,478369
19-May-09,8.00,8.69,7.78,8.40,692071
18-May-09,7.58,7.80,7.40,7.78,408146
15-May-09,7.44,7.44,6.91,7.16,155819
14-May-09,6.41,7.24,6.05,6.90,124248
13-May-09,7.34,7.35,6.05,6.40,242726
12-May-09,7.74,8.00,7.10,7.35,342401
11-May-09,6.44,6.80,6.16,6.55,192957
8-May-09,5.80,6.40,5.80,6.40,88382
7-May-09,6.43,6.43,5.46,5.83,130017
6-May-09,6.46,6.46,6.00,6.23,127068
5-May-09,6.23,6.59,5.75,6.00,119964
4-May-09,5.96,6.20,5.45,6.00,302577
1-May-09,5.08,5.75,4.98,5.45,207119
30-Apr-09,4.91,5.05,4.66,4.95,63597
29-Apr-09,4.80,4.90,4.62,4.70,48514
28-Apr-09,4.88,4.88,4.60,4.70,60582
27-Apr-09,4.65,4.90,4.55,4.75,78030
24-Apr-09,4.29,4.89,4.29,4.77,33380
23-Apr-09,4.89,4.90,4.56,4.70,42810
22-Apr-09,4.38,4.95,4.35,4.75,57181
21-Apr-09,4.35,4.35,4.00,4.33,106681
20-Apr-09,4.88,5.00,4.30,4.31,84815
17-Apr-09,4.90,4.90,4.76,4.76,52456
16-Apr-09,4.90,4.93,4.76,4.85,65407
15-Apr-09,4.95,5.00,4.75,4.90,119794
14-Apr-09,4.21,4.90,4.21,4.89,168653
13-Apr-09,3.63,4.26,4.01,4.26,82056
9-Apr-09,4.20,4.20,3.85,4.00,657664
8-Apr-09,3.70,3.94,3.70,3.82,69270
7-Apr-09,3.79,4.40,3.53,3.74,80878
6-Apr-09,3.49,3.99,3.32,3.55,60600
3-Apr-09,3.38,3.39,3.31,3.39,17500
2-Apr-09,3.30,3.42,3.28,3.31,53020
1-Apr-09,3.35,3.35,3.31,3.33,8334
31-Mar-09,3.35,3.36,3.35,3.35,2950
30-Mar-09,3.32,3.61,3.31,3.35,2900
27-Mar-09,3.39,3.39,3.30,3.36,4450
26-Mar-09,3.31,3.90,3.30,3.39,14600
25-Mar-09,3.40,3.40,3.30,3.39,15563
24-Mar-09,3.33,3.40,3.33,3.40,5525
23-Mar-09,3.50,3.50,3.25,3.38,11676
20-Mar-09,3.50,3.50,3.30,3.38,6563
19-Mar-09,3.40,3.45,3.29,3.40,13466
18-Mar-09,3.30,3.40,3.30,3.39,5700
17-Mar-09,3.40,3.40,3.31,3.40,19370
16-Mar-09,3.39,3.40,3.31,3.39,7453
13-Mar-09,3.39,3.40,3.30,3.30,6114
12-Mar-09,3.26,3.30,3.20,3.30,14696
11-Mar-09,3.28,3.30,3.26,3.26,5062
10-Mar-09,3.26,3.30,3.26,3.30,2043
9-Mar-09,3.30,3.40,3.10,3.30,3907
